"3" "4" "5" "6" "7" "8" "9" "10" "11" "12" "13" "14" "15"
"1946" 0.0138371153942989 0.00841648496546468 0.00615292829699342 0.00658714009061215 0.00724278024561633 0.00685699987493079 0.00336507384847719 0.00560186873545349 0.00854375844994052 0.0087832619640014 0.0117764233485364 0.0202582196303564 0.0330327533408606
"1947" 0.0339807370832672 0.00742756712882892 0.00395871998126349 0.00362158230052661 0.0038846581197655 0.00746225344624713 0.00601899440248749 0.00379069232370673 0.00471837493594193 0.00889312101820988 0.00890208335884127 0.0128459586652507 0.0136691502393772
"1948" 0.0779376653960766 0.0140883754441877 0.00474520058323466 0.00348479228897726 0.00294115595805949 0.00575502814054514 0.00688824633072252 0.00866940126266305 0.00482833346748087 0.00968180260387331 0.01304004553664 0.0140374364988993 0.0134952577798654
"1949" 0.028601454698062 0.0104951607526435 0.00444283200795176 0.00256443715479628 0.00282987669333592 0.0048549740375866 0.00742315399749533 0.0116153538073316 0.0092796856339141 0.00743878130135501 0.0145141671030137 0.020435266303037 0.0190591141963691
"1950" 0.0250407432518866 0.00818585404641166 0.00491434017290968 0.00389669969643009 0.00328720927471144 0.00482867016951291 0.00605720676930198 0.00898189695696529 0.0111922920497246 0.0136173297510869 0.0105421555115932 0.0218764172788975 0.0234820255810241
"1951" 0.00535096926845973 0.00293027621570675 0.00324840849024547 0.00382491982049017 0.00429674753600778 0.00454818770143569 0.00548958131343989 0.00833216933647682 0.0134685607513504 0.024970097308813 0.0284385263788311 0.0152592462441185 0.0367172323430588
"1952" 0.00541892828067004 0.00232956390151774 0.00240926186146753 0.00301441611572086 0.00372130850011568 0.00588839819399566 0.00538764423469426 0.00679231602978052 0.0094471617377523 0.0147081664987772 0.0356493557493006 0.0421649968859921 0.0278404651256251
"1953" 0.00380177828108851 0.00247353266262718 0.00242234177650908 0.00350065155700713 0.00558585900279928 0.00653236216220078 0.00834453621015506 0.00834701599782451 0.0115819720714133 0.0212854249682595 0.0421186607375456 0.0700222765417789 0.0737886413768541
"1954" 0.00799011623009686 0.00204207796029132 0.00210538357341587 0.00256104568766276 0.00412179624118611 0.00828161275428062 0.00787670977217416 0.0093136268625278 0.0105413400632191 0.0181918610032736 0.0301320255597638 0.0560427214796338 0.0831962308580432
"1955" 0.0140318096582352 0.00428974856339013 0.00177905840575361 0.00200077835262714 0.00281664405886455 0.00479417944925261 0.00727861207518347 0.008827702929229 0.0136053203852435 0.0180497493672246 0.0306489974605609 0.0485368858887989 0.081542447212937
"1956" 0.00832190423437379 0.00541035458330333 0.00224246120526036 0.00158858687077813 0.00276944688163534 0.00365582918176815 0.0069481181920472 0.0100021526636296 0.0139389853456584 0.0219244122055176 0.0249299882792637 0.0430747126779553 0.0715034699103606
"1957" 0.00644140713482906 0.00453004208930231 0.00508792150812422 0.00308353119290483 0.00276529054764824 0.00419943168752131 0.00636003219682512 0.0110029241253993 0.0154791389672712 0.025682092100407 0.0491069981465334 0.0529948267756317 0.0700222765417789
"1958" 0.00473204998302117 0.0022090220251692 0.00307558332885723 0.00411638658677978 0.00424693178516946 0.00440549391214031 0.00738493403699224 0.00837944953896185 0.0153388131162439 0.0274881367000787 0.0578310387417535 0.145357129707552 0.0776580150103822
"1959" 0.00464783548713281 0.00292992148060309 0.00209126893368625 0.00356932648982993 0.0062235790120745 0.00636228366418763 0.0055381148154558 0.00882672985647056 0.0143294272145647 0.0285122481437149 0.0575983196396482 0.0726196499827929 0.0932581613540337
"1960" 0.0042760859680043 0.00260036622196592 0.00324286386598057 0.003161191521209 0.00553824022507606 0.00938725860153573 0.0101633173270045 0.00791753357932749 0.0130204026743279 0.020732837043035 0.0486070915556679 0.0914060452295334 0.0611311596408725
"1961" 0.00388568729782371 0.00221705076232297 0.00230217043658159 0.00365298290753761 0.00422621274458899 0.00643073056435834 0.0114201826816042 0.0105193921006701 0.0116654080453589 0.0217409585926372 0.0298913989258208 0.05480307097398 0.0888206510636546
"1962" 0.0040302050429124 0.00194324870926436 0.00196341481239847 0.00272570613672188 0.0049819409269078 0.00568423813986224 0.00967480733252649 0.0169077279349353 0.0173255617190054 0.0219796411760639 0.0461313135513393 0.05480307097398 0.0909597222010856
"1963" 0.00742638954776689 0.00248170264950577 0.00176212145979669 0.00263395854146283 0.00442287398226335 0.00666638038738452 0.00784096967421398 0.0140656695719527 0.0281633735161248 0.028106430303072 0.040794301256695 0.0812231568199647 0.0735504189574767
"1964" 0.0119629793274023 0.00386639972615728 0.00259918295930927 0.00340311339816461 0.00603117170643856 0.00898701875061517 0.0110242279384687 0.0147340312290975 0.0323062694026925 0.0702283656459956 0.0464360962881239 0.0564745600751756 0.0805954631840912
"1965" 0.00677557501864069 0.00520785177306201 0.00292291158621467 0.00313482871431272 0.00526702125945067 0.00938202593513034 0.0146995742571938 0.0233404450454978 0.0263502843261637 0.0805954631840912 0.118107721333598 0.103867290977923 0.0655541862348832
"1966" 0.00348629370422821 0.00349590139695769 0.0044788033408757 0.00402409594701166 0.00431885797458189 0.00622322691220583 0.0122319212719679 0.0231125842595663 0.0468728638447362 0.0454808879145424 0.105203337760089 0.294407310918559 0.11031345409624
"1967" 0.00449300739388736 0.00200920602343763 0.00311760448686949 0.00567546530873812 0.00517707475801184 0.00530038136302625 0.0080452838190988 0.0183577485678082 0.0345631286584755 0.0515169757157413 0.0612693546732994 0.145357129707552 0.240171772282676
"1968" 0.0144077590179181 0.00191965887049595 0.00153333064160652 0.00248088819527778 0.00513570788852537 0.00662842395753995 0.00794533259888171 0.0145141671030137 0.0353684794005043 0.0835389928841559 0.082857576832213 0.11031345409624 0.13574093784525
"1969" 0.0184485977808318 0.00536715395123651 0.0016298862895486 0.00188236875720676 0.00290230500058491 0.00510693989096391 0.00734899321679681 0.0122131082173609 0.0203351255983159 0.0448565875257871 0.0838859465608137 0.189951009850129 0.13574093784525
"1970" 0.0102194858576438 0.00824986492863421 0.00522746567463456 0.00217301308139193 0.00262072425178474 0.00467733826528262 0.00910668318259244 0.015436896820782 0.0255521410936202 0.0569163002044009 0.0896583458473378 0.14716548640303 0.155132439349602
"1971" 0.0098056608959747 0.00727140446914836 0.00786277392966912 0.0088054008888405 0.00338154472244449 0.00362209314750406 0.0077732340812123 0.0179414272055415 0.0327630927760442 0.0446357100523167 0.0755222201788577 0.141930334621422 0.182514518424582
"1972" 0.00442170041529501 0.00388779286775452 0.0051225641731538 0.00777457887900385 0.00969903539560941 0.00446472904347637 0.005641557483069 0.0129190408062847 0.0257368101241027 0.0486775953422249 0.0516005865767966 0.0838859465608137 0.145357129707552
"1973" 0.00145984414051599 0.00222730241390815 0.00333153118068385 0.00588734926463789 0.0101574569670353 0.00944656904416092 0.00611511819676827 0.0130279474234655 0.0348255959366625 0.065894921865475 0.102580162923665 0.120072386714749 0.124310839291505
"1974" 0.00268821563076226 0.00118580422252746 0.00177016421099417 0.00381898965112564 0.00759861650476047 0.0132271109462411 0.0176092984756317 0.0116142726034113 0.019244639536994 0.0510235102737547 0.0750147368443494 0.101339038141179 0.117160440496675
"1975" 0.00389448995947187 0.00336645964931774 0.00167409649029113 0.00235148512430819 0.00487259906332136 0.00889063613388879 0.0172772641562463 0.0226453792773007 0.0202527587300476 0.0378843013412682 0.0604536446084671 0.232548571148346 0.150992659264128
"1976" 0.00279396495249273 0.00239665980597379 0.00289030100353224 0.00235493439782569 0.00378263588444688 0.00721042618493921 0.0137603485896187 0.0294590190039263 0.0384744270489967 0.0433741320899878 0.0782202990715613 0.179109134247671 0.126603389348576
"1977" 0.00417821477021588 0.00195504454460974 0.00218546717518063 0.00358889098400348 0.00330827081517569 0.00551072382797921 0.0115584504878455 0.0229067063189755 0.0367482438307001 0.0557251210594574 0.0835389928841559 0.0962562385700702 0.125441585458799
"1978" 0.00291272964346593 0.00388918346440202 0.00274124713916762 0.00345770149397133 0.00527103570953677 0.00468495360955856 0.00886343504673427 0.0256060538365654 0.0298405619902381 0.0431738463256849 0.0330783298847955 0.132932657804357 0.129026073276174
"1979" 0.00928926576114519 0.00293898652343015 0.00396882238635972 0.00467557418961225 0.0065421122273752 0.00947873014775787 0.00817805126514355 0.0210801121494232 0.0441501482264143 0.0909597222010856 0.120072386714749 0.149042504362663 0.137212808084472
"1980" 0.0140149684551271 0.0064876128256632 0.00285325606562633 0.00415262896228578 0.00637565243462029 0.010018286827192 0.0148322167715723 0.0155697155013661 0.0347990869326957 0.103867290977923 0.186121522989784 0.179109134247671 0.310542073042602
"1981" 0.0150597113970822 0.00883501093532766 0.0058525947203122 0.00326394100136973 0.00571257840551746 0.00861541800836079 0.0133926549508868 0.0247420039436286 0.0303783949119103 0.0884103631824009 0.150992659264128 0.475862854364192 0.734688296625614
"1982" 0.00909870266271339 0.00583354260341289 0.00607945557252418 0.00500169061574473 0.00402622858571366 0.00940710334968423 0.0164430934798884 0.0340302452269405 0.0557251210594574 0.0569163002044009 0.17588715909213 0.382582705925382 0.382582705925382
"1983" 0.0157977878832902 0.00603889964330102 0.00590178213238719 0.00637716390071668 0.00650396390534943 0.00625354232894032 0.0175299246139499 0.0356778031194108 0.0607219975619112 0.107306169975093 0.121091730962297 0.203034611048918 0.382582705925382
"1984" 0.010388876727797 0.00713645158110009 0.00616985698763574 0.00596102558185413 0.00691010427047834 0.0094709585552772 0.0112225011737602 0.0323062694026925 0.0603207662043588 0.0745171512804542 0.131591719196114 0.258006900984367 0.310542073042602
"1985" 0.00535699341842058 0.00387272407246283 0.00502781289873655 0.00606748371789946 0.0080282481299889 0.0143314202553579 0.0226302765415494 0.0326306513444651 0.0787947310445715 0.153020847647144 0.164540489460973 0.162029776829918 0.310542073042602
"1986" 0.00492117617523319 0.00307690005249391 0.00291563934616953 0.005292011251004 0.00790479833059863 0.0137391456648132 0.0288280833928081 0.0335921020980135 0.0385099822572489 0.0790866401267249 0.172832613108042 0.157333338175325 0.240171772282676
"1987" 0.00729672238456597 0.00217901423948284 0.00259557325813333 0.00331994095188266 0.00728027832156821 0.0140997684695854 0.0298913989258208 0.0427329171298684 0.0673117747805415 0.0609938750386374 0.198377379772696 0.120072386714749 0.203034611048918
"1988" 0.00866340568757491 0.00558174901009523 0.0021938180544118 0.00353828306799336 0.00582161746851854 0.0153024969194685 0.0255092484799407 0.0399365629706822 0.0896583458473378 0.111105031280527 0.140304668255265 0.240171772282676 0.382582705925382
"1989" 0.0122218771552959 0.00644296438833949 0.00465864586892064 0.00285746086803005 0.00502327424326138 0.0117305364425279 0.0314064805283076 0.0538292411310912 0.14361333396612 0.248605636625402 0.734688296625614 0.268578752667581 0.225612879814448
"1990" 0.0203461817631153 0.00994248801376285 0.00748503872624603 0.00634508139269149 0.00483119761241572 0.0104935510987036 0.0313868730047524 0.0688219831791447 0.120072386714749 0.232548571148346 0.353138482485822 0.382582705925382 0.561868687543418
"1991" 0.0123777112116473 0.00819407031680121 0.0066140887888145 0.0059216439839572 0.0060575322440685 0.00529443022514155 0.014058124591738 0.0440971457426314 0.132932657804357 0.258006900984367 0.734688296625614 0.734688296625614 0.561868687543418
"1992" 0.00570613867827164 0.00439079930592009 0.00505760760868691 0.0055040605850732 0.00624961801920706 0.00732682227794192 0.00625497112820335 0.0175875472942753 0.0564745600751756 0.101954022745832 0.475862854364192 0.294407310918559 0.734688296625614
"1993" 0.00854331601549064 0.00385454006264539 0.00326003764605123 0.00455172879558207 0.00697764482445017 0.0088433146552873 0.0106911452369791 0.00761028351739185 0.0213043800578496 0.0470637655498373 0.116235310579646 0.194027011169811 0.734688296625614
"1994" 0.0107252845013824 0.00337695095355307 0.00253741840073085 0.00336740412298179 0.00463313625419758 0.00857668470033816 0.0110550050044577 0.0144852938972402 0.009958343323726 0.0285418933847979 0.0838859465608137 0.208036892680333 0.421328850325185
"1995" 0.0124884301462592 0.00402171920132048 0.0023858728154712 0.00259177111498706 0.00466846085968815 0.0100950728313952 0.0160524861746821 0.0214578130593341 0.0261987056575259 0.0202965664606527 0.0616895039623983 0.14361333396612 0.734688296625614
"1996" 0.00987170045338173 0.004937803827672 0.00287679465673247 0.00256427663416606 0.00353111005554363 0.00835032571825592 0.0197527605764347 0.0295571772915129 0.0423989346821632 0.0605873852802067 0.0317656453014652 0.10073488162846 0.734688296625614
"1997" 0.00753736167128882 0.00436070548534969 0.00310825232564461 0.00283462614503807 0.00320268648017099 0.00497320519662032 0.0128041185960042 0.0264686398365066 0.0473218769138771 0.0630025422226633 0.0768364493836486 0.0595410974785915 0.734688296625614
"1998" 0.00467987271339706 0.00273511281959697 0.00373787778380559 0.00412936185460332 0.00448986990563334 0.00517100312444961 0.0106809649642865 0.0289976480656964 0.0655541862348832 0.111105031280527 0.141930334621422 0.194027011169811 0.126603389348576
"1999" 0.0099770502771946 0.00293442403626352 0.00267358835882952 0.00473841278251398 0.00676365831759901 0.00674734409777648 0.00916312282940163 0.0207679905987134 0.065894921865475 0.145357129707552 0.157333338175325 0.310542073042602 0.167171064609177
"2000" 0.0127329028609122 0.00458969124182327 0.00267015182014339 0.00381033457522232 0.00758574876107042 0.0106021835705951 0.0126130635776828 0.0219796411760639 0.0511047935204572 0.109538328847161 0.268578752667581 0.734688296625614 0.240171772282676
"2001" 0.0122736086604973 0.00445577269136168 0.00329938732796951 0.0032906004311925 0.00557918472534499 0.0120008572849553 0.0211541016954996 0.0263267979633486 0.0493995042954 0.10014123904438 0.353138482485822 0.329740053067967 0.194027011169811
"2002" 0.0182803281194415 0.00474688192826661 0.00296535144417304 0.00315553002793929 0.00404491719408262 0.00797052363596619 0.0209826227693719 0.0395462370711408 0.061548516514794 0.0842371779436945 0.198377379772696 0.294407310918559 0.353138482485822
"2003" 0.0101464952422348 0.0058405562114511 0.00323692541270758 0.0030742682415659 0.00434730788723561 0.00719964490522736 0.0164163850580995 0.0410494283200942 0.0773812958661751 0.0937387404034181 0.198377379772696 0.140304668255265 0.734688296625614
"2004" 0.0194210186995936 0.00425588554095766 0.00366580434790788 0.00313869669149472 0.00366535093107732 0.0062915475717149 0.0109844961322181 0.0213233844319735 0.0533609693506389 0.0818654605587454 0.14716548640303 0.225612879814448 0.310542073042602
"2005" 0.0113955565763968 0.00601102190022451 0.00240992048067955 0.00331265424387638 0.00391744007655594 0.00588974761625308 0.0109424503215267 0.0182803281194415 0.0383331597127251 0.0923184096243269 0.198377379772696 0.186121522989784 0.329740053067967
"2006" 0.0093187492588824 0.00381046144294121 0.00455158699790442 0.00292583135279112 0.00468889075868143 0.00678868616040695 0.0101596534496199 0.021061732328064 0.0333323255215259 0.0634587817838283 0.179109134247671 0.137212808084472 0.0740291463485393
"2007" 0.0052638810051325 0.00396217388353909 0.00327903523701068 0.00517625027087379 0.00449813655904597 0.00807628996592108 0.0137092703589465 0.02408350037485 0.0405024338874586 0.0543097610902206 0.138733142245609 0.248605636625402 0.155132439349602
"2008" 0.00936984930592641 0.00363305362829233 0.00412068079951588 0.00445224464079346 0.00719024964606797 0.00587138295649051 0.011728311348011 0.021025112380568 0.0338578812800603 0.0607219975619112 0.141930334621422 0.179109134247671 0.248605636625402
"2009" 0.0125058240827624 0.00422787090616774 0.00281722406384578 0.00383470523049019 0.00585465729471102 0.00939424871552066 0.00911361612926006 0.0200962354222416 0.030558016426637 0.0286613801718074 0.105890688585061 0.198377379772696 0.203034611048918
"2010" 0.0211231808481899 0.00667240877745198 0.00355628141487917 0.00297194293664387 0.00434167320824328 0.0064923861291347 0.0126171888818557 0.0132986996489932 0.0159972941653913 0.0298405619902381 0.0669491927850532 0.131591719196114 0.155132439349602
"2011" 0.0237554637312666 0.00962624875769802 0.00463552689913195 0.00307815018437543 0.00301338936102905 0.00580702616097154 0.007905857326287 0.0122558726638495 0.0154666798802518 0.0370626274393847 0.0437829934106224 0.258006900984367 1
"2012" 0.0170151764080157 0.00838489084819159 0.00657678040040914 0.00413584056140367 0.00309937559777175 0.00376442399066679 0.00769604849144332 0.0120631603756581 0.0202636848240176 0.0267961115851587 0.051433760427938 0.11031345409624 0.186121522989784
"2013" 0.0163692138009457 0.00729364834987702 0.00558457368500839 0.00582089261706891 0.00354333972070148 0.00300114706218572 0.00381397632616357 0.00899677361081408 0.0161957746323968 0.0343828026225727 0.0430253948874632 0.0978659534496589 0.0765682241074275
"2014" 0.0120390864231872 0.00609911943507629 0.00424536760580906 0.00435184341259819 0.00484015880936313 0.00348068932170451 0.0037964536447859 0.00558637337079934 0.014391589330685 0.0262567035944399 0.0517690075897199 0.0634587817838283 0.0735504189574767
"2015" 0.0133147619714964 0.00471908352342792 0.00409307685074709 0.00365141272729916 0.00454310256667556 0.00561331175421825 0.0054775185145243 0.00536623835238267 0.00669886158240491 0.0176566961274135 0.0421186607375456 0.0796801321430683 0.0575983196396482
"2016" 0.0194889954650108 0.00805719693452533 0.00368849275632488 0.00397206338119492 0.00443946550748872 0.00550098367325079 0.00704587849775305 0.00595807653422533 0.00674489569854284 0.0126213181157902 0.0305761495610432 0.0581853444846208 0.052197206369764
"2017" 0.0107218562936629 0.00744648258864972 0.00497568345211778 0.00318406104028627 0.0038565531256193 0.00496268971454647 0.00687174933908296 0.00855262115887075 0.00774781078913925 0.0107823144143739 0.0202582196303564 0.0457142892258565 0.0543097610902206
"2018" 0.0110954861514536 0.0049570472510867 0.00509322195608098 0.00453810420998314 0.00354002319376327 0.0049795456625886 0.00666917731225806 0.00871264761207299 0.010243407448723 0.0143453941759543 0.0184987072361595 0.0311543364370107 0.0557251210594574
