"4" "5" "6" "7" "8" "9" "10" "11" "12"
"1981" 0.0207571606706193 0.0169176825765505 0.0171813126409085 0.0376356751804021 0.0675010671598787 0.104911812336651 NA NA NA
"1982" 0.019442628124942 0.0206569974433881 0.0242126827022537 0.0239242476961515 0.0595964439933119 0.121460437684812 NA NA NA
"1983" 0.0152787189029636 0.0164128304841815 0.0234036846017755 0.0350109883772393 0.0437538430639926 0.068264748369864 NA NA NA
"1984" 0.0192907866952168 0.0214203480374983 0.0268878669240718 0.0400355930733616 0.0944919028900644 0.16828508705587 NA NA NA
"1985" 0.0109470815175047 0.0220239493253718 0.0315618852336526 0.0431092518554599 0.119346112293137 0.176358616593128 NA NA NA
"1986" 0.0104067638850915 0.0141449858381402 0.0306385027518808 0.0531014531272588 0.100250765790952 0.21417337685415 NA NA NA
"1987" 0.00711472773798709 0.0150619751559865 0.0240957962685956 0.0521993096528074 0.0905168434348908 0.236322706265962 NA NA NA
"1988" 0.0129772831330386 0.00969730321923277 0.0217944229186449 0.0420048092634872 0.0852588971135042 0.236322706265962 NA NA NA
"1989" 0.01327237921543 0.0172858335068097 0.0124286715737537 0.028759204723996 0.0690611670560512 0.155547778905586 NA NA NA
"1990" 0.0178203491586116 0.0178748320027143 0.0217623371208206 0.0195689144832943 0.0565838645279723 0.096274559449112 NA NA NA
"1991" 0.0180582057675477 0.0200164370905973 0.0214014973004159 0.0265421693260755 0.0261260729856813 0.0809763571351119 NA NA NA
"1992" 0.0147232357064388 0.0229705814111682 0.0260027313662658 0.0315618852336526 0.0392539059505753 0.0465464766928921 NA NA NA
"1993" 0.0105131243906691 0.0135039397058702 0.0240209106602678 0.0341068079017703 0.040719424663572 0.0501254888559352 NA NA NA
"1994" 0.00779609989729522 0.0101779601160722 0.0159406029502986 0.0308779715237792 0.0474050185758113 0.0609108191842142 0.0841099014441048 0.0858555992334202 0.150383649933638
"1995" 0.00853971421853041 0.00840669687781203 0.0131909610575666 0.0229317543611143 0.0493126742133904 0.0645190365562358 0.0841099014441048 0.0819728145842426 0.123721191640184
"1996" 0.0112699805713014 0.010496918445497 0.0114785599099744 0.0202731891440417 0.0461070339333316 0.0972140076262642 0.131586670582566 0.16828508705587 0.16828508705587
"1997" 0.0137433233158489 0.0133299308048994 0.014443861100748 0.0196871062258461 0.0372039155647244 0.0800231281342444 0.0778092716730623 0.0897929775302687 999
"1998" 0.009826060335765 0.0184750979180616 0.0197994163303571 0.0231283168313624 0.0306942399806556 0.0736330368461697 0.0858555992334202 0.0791099764517475 999
"1999" 0.00952057910075123 0.014390075476113 0.0260256966362198 0.0329685875208324 0.0365490765862344 0.068006666982234 0.108994044484403 0.270978022648231 0.236322706265962
"2000" 0.010817205531125 0.0114473471733998 0.0196318115025289 0.0378435321665135 0.0540634430914209 0.0625254123021061 0.098188284551912 0.155547778905586 0.236322706265962
"2001" 0.00928118502819881 0.0129099938345411 0.0172495905522837 0.0290284195716604 0.0632954947421717 0.0905168434348908 0.123721191640184 0.21417337685415 999
"2002" 0.0105832457877664 0.0115821765493302 0.0159795019858116 0.0248298037646576 0.0504646627934371 0.100250765790952 0.123721191640184 0.198294088829914 999
"2003" 0.0109662914049339 0.0121761558940984 0.0139444637186075 0.0229317543611143 0.0378735695479222 0.0670090071630102 0.131586670582566 0.21417337685415 999
"2004" 0.00943830403132005 0.0151415400742889 0.0164315274552071 0.0186547069734172 0.0328067864915385 0.0559446472730224 0.106209260808637 0.16828508705587 0.340469534080779
"2005" 0.0150149578584424 0.011830521808988 0.0210686045901675 0.0237022662316959 0.0410777815025152 0.0707625393399578 0.104911812336651 0.21417337685415 0.270978022648231
"2006" 0.0113706413653434 0.0193374484438399 0.0164171383139491 0.0251607287494133 0.0365490765862344 0.060572253586715 0.117362475641865 0.119346112293137 0.16828508705587
"2007" 0.0109038131952835 0.0137659968571878 0.0253671752932921 0.0206569974433881 0.0329323802994009 0.0503790818976254 0.0944919028900644 0.103671222890662 0.16828508705587
"2008" 0.00787067426955036 0.0113105993347893 0.0167912451415539 0.0228835543658016 0.0306524024962835 0.0536280684258475 0.0991996946179891 0.270978022648231 0.270978022648231
"2009" 0.0092523160577448 0.00888719394170144 0.0146761030874195 0.0231283168313624 0.0304462848872693 0.0363399387578139 0.0870968427308077 0.126146964646744 0.236322706265962
"2010" 0.0113367259585125 0.0101053910862298 0.0103911434508856 0.0169498365048246 0.0273693085512073 0.0414898139887266 0.0561971488628924 0.0830160166575711 0.198294088829914
"2011" 0.0154642326538949 0.0108203689001832 0.0105744968864264 0.011813069267143 0.0235406015325176 0.0390838657298729 0.063693853401328 0.0736330368461697 0.121460437684812
"2012" 0.013661330992001 0.0175329182964138 0.0122398911150997 0.0106244240300207 0.0155933550067342 0.0292599290442775 0.0493126742133904 0.071061423585546 0.0814689717154756
"2013" 0.0111582917951062 0.0141567153924913 0.0167601677011866 0.0140736981671356 0.0132498734791607 0.0180724398750074 0.0502940296781206 0.0458626221954266 0.093644994694421
"2014" 0.0127058145549311 0.0138425679685687 0.0158133779292371 0.0182803433492724 0.0159277127727876 0.0184750979180616 0.0292834520216094 0.0672533841366855 0.068264748369864
"2015" 0.00976429059529478 0.010642250702477 0.0119599160920844 0.0135955491672129 0.0195228928583885 0.0152281159269776 0.0233828762145346 0.0456823866793357 0.0761910499479102
"2016" 0.0114357214753728 0.0102111110087318 0.0115660142772006 0.013984386408132 0.019742971093971 0.0260256966362198 0.0245141825246975 0.0337246988773711 0.0685264652280804
"2017" 0.0169659969418452 0.0157019675827592 0.0148320724837825 0.0194161383099778 0.0224656851179981 0.0316240067393543 0.0448184278362932 0.050209500510716 0.0424067921292938
"2018" 0.0102786056532156 0.0160319078472387 0.0149224983252098 0.0151630165574437 0.0205585688370779 0.0318609969252401 0.0359842031160205 0.0645190365562358 0.0500419892573827
"2019" 0.0107546338562803 0.00939053599513045 0.0139603831213968 0.0196318115025289 0.0191582482197165 0.0316708914465837 0.0552113351346368 0.100250765790952 0.1287599073391
