"3" "4" "5" "6" "7" "8" "9" "10" "11" "12"
"1996" 0.0394243841429589 0.017811605271227 0.0228277373226128 0.0362868984078523 0.0545135077601841 0.111722681681958 0.467684436513078 0.603499484926051 0.174410555477523 0.0447374646018489
"1997" 0.0705079961219375 0.0419538167179668 0.0193331662927245 0.0225875465961543 0.049928482884036 0.0582542811148072 0.164188855025289 0.235516025954285 0.132792800037873 0.0460326344752524
"1998" 0.119189808358726 0.0725301133373295 0.0381699566902397 0.0206617517140372 0.0258481945857676 0.0543420194896893 0.0836526607783532 0.162209587575894 1 0.10130493127883
"1999" 0.0528041546370132 0.126359053955968 0.076972624568226 0.0451882923974865 0.0241332064473501 0.0328704910033604 0.0814288372105224 0.139433619531187 0.679009592935832 0.130404446542289
"2000" 0.0659356574547082 0.0472709100710946 0.218376639504812 0.116798603524494 0.0671089533720905 0.0303793711824272 0.0349019690949666 0.059540841268107 0.136428435523041 0.159932357188551
"2001" 0.0283951762659399 0.0642802850088098 0.0636097324983741 0.163786806476329 0.154658400484375 0.0442107913814036 0.0346341696381689 0.0691415289429146 0.216382944598439 0.161822825444271
"2002" 0.0322196028608219 0.0265191477341534 0.0645296925913065 0.0848637872581626 0.118045342030162 0.0816911672254197 0.055842958994792 0.0496781635598074 0.0644254034978308 0.168831193894308
"2003" 0.0317151672796037 0.0260594042659447 0.0260887924276031 0.0629027130791308 0.0872990968128956 0.179007743010304 0.147264910299316 0.0568815744008735 0.0510307824150337 0.0543786244483167
"2004" 0.0620712061613802 0.0352640803304646 0.0233930328935626 0.025217609438248 0.0732666720227114 0.0970132125933149 0.236820748563949 0.127965207468114 0.119923267168124 0.0495681664000082
"2005" 0.0189540629231144 0.0659356574547082 0.058345475051202 0.032552199559088 0.0348200431622636 0.0920712071096462 0.116257754732532 0.182866187163864 0.13848654225079 0.054975034820476
"2006" 0.129260402541598 0.0218352225527734 0.0649949551779568 0.0549371559157571 0.0318058768753731 0.0308152464240665 0.0903295672137062 0.0883482611118944 0.166247680102594 0.0528264469222385
"2007" 0.0464588699190489 0.0333879103188885 0.0186827303906204 0.0681261797221442 0.0551784495252227 0.0312324682680982 0.0341998586632415 0.0923287842352967 0.104878132795708 0.0468823732951021
"2008" 0.0933823585261604 0.0251091196985837 0.0284609371008361 0.0216497758168945 0.0626343542045902 0.0520846686003265 0.0365231768099332 0.0476616412091223 0.108883877166945 0.0737073686737138
"2009" 0.0598684220061036 0.053164415061608 0.0236333376063938 0.0273664811005885 0.0266387525310731 0.0533015151705568 0.0641772558793397 0.0499940288480787 0.0646765932410018 0.0871370077761755
"2010" 0.100029650541008 0.0512828937281233 0.058103280886963 0.0283330616439576 0.0330976277540505 0.0341456918098082 0.0807420717771093 0.0801973227012211 0.0763256013366331 0.0839862691320352
"2011" 0.0765393680064538 0.0623507819509956 0.0419105526985521 0.049100183459212 0.0267800000653245 0.037649385860468 0.0386297827856017 0.0826763706546836 0.0797860802396775 0.0740918307302833
"2012" 0.0464142020222323 0.113171505923674 0.0908779873122557 0.0602522335388379 0.0491356914451325 0.0389347077933146 0.0547489824449552 0.0538849495214046 0.130793022284483 0.0717871187195647
"2013" 0.0850128738473168 0.0401538953078903 0.110559227084761 0.0693766222954326 0.0546246513974628 0.045167800772526 0.0372321309182841 0.0473973900376364 0.0567693802050846 0.0583302449212486
"2014" 0.0688575682809584 0.0839383536053912 0.0472159067190388 0.0863929587638796 0.0735806040351922 0.0480958845591816 0.0517885831615552 0.0468134935819644 0.0719338009759947 0.0648670200144967
"2015" 0.106872881469067 0.0671800337849382 0.0703153952823393 0.0422329520413871 0.0649308885131849 0.070758083800094 0.0444489486833518 0.0494680036134368 0.038414147772455 0.0556449117013391
"2016" 0.0422274227757619 0.0627297831047799 0.0525389286663508 0.0581333825995311 0.0480792722098837 0.0783203194939351 0.0712381924618698 0.0582694490208856 0.0570796010341878 0.0382914431451596
"2017" 0.073643900445293 0.0383608248871348 0.069881309302338 0.0624637259045983 0.0805311746397094 0.063810604169531 0.125493988513106 0.0875713742896096 0.0766110439851596 0.0367285583146437
"2018" 0.0739951232083662 0.0542933329516391 0.0339066085984667 0.0766829319226825 0.0641978201700642 0.0984849047193575 0.0665026718646568 0.12365525111742 0.0897323040636456 0.0358019211078433
"2019" 0.048827697077084 0.0896143413514491 0.0530397070305824 0.0367464332682947 0.0682505386810868 0.0694555476435582 0.0785911203104982 0.0672751771645659 0.083605342950198 0.0407977175917967
