"3" "4" "5" "6" "7" "8" "9" "10" "11" "12"
"1988" 0.0998460597332534 0.109736708904061 0.026912737088153 0.182739370633701 0.266496780362366 0.401991523101268 0.252339520107464 0.311094975697142 0.244991514532743 1
"1989" 0.342652540473563 0.10453114778698 0.180239518606431 0.0364678597421134 0.167974489826178 0.389500854538311 0.450495185718091 0.212360017070878 1 0.224927216189911
"1990" 1 1 1 1 1 1 1 1 1 1
"1991" 1 1 1 1 1 1 1 1 1 1
"1992" 1 1 1 1 1 1 1 1 1 1
"1993" 1 1 1 1 1 1 1 1 1 1
"1994" 0.17267409317576 0.230348587100119 0.0706994417815615 0.0900330225951735 0.195129113124005 0.358916689747397 0.145072292682488 0.240482607113003 0.0509164150707784 0.498193581401749
"1995" 0.0962852912596899 0.034177046849782 0.0402032416744772 0.0492546816493014 0.110823271692186 0.335433089016424 1 0.149592445770052 0.192015746256878 0.0462576817667686
"1996" 0.147069028945109 0.0503687103708161 0.0271221833638621 0.045542239211034 0.0694676197476456 0.107523432671438 1 1 0.159202969003791 0.0510116207156703
"1997" 1 1 1 1 1 1 1 1 1 1
"1998" 0.105319535209564 0.0664724689205669 0.0411869900268115 0.0218129735562931 0.0267014774949502 0.0500964406022874 0.0826627983593688 0.131253377861121 0.260509767722295 0.0516949882624859
"1999" 0.0544388914760941 0.0994041184737398 0.05780527425044 0.0439274581537981 0.0252360144053467 0.0286544690737915 0.0535738668083666 0.0888763890680418 0.157626876075117 0.0759312570445793
"2000" 0.0781327454856999 0.0437538678115587 0.169934943228559 0.0896419125137868 0.0624620253431587 0.035714673060045 0.0420895898885357 0.0852188852740125 0.230348587100119 0.121482686940421
"2001" 1 1 1 1 1 1 1 1 1 1
"2002" 1 1 1 1 1 1 1 1 1 1
"2003" 1 1 1 1 1 1 1 1 1 1
"2004" 1 1 1 1 1 1 1 1 1 1
"2005" 0.114488921665925 0.0786292350402098 0.0482281356726095 0.0308806991722801 0.0266888060584626 0.078729799606993 0.0919085173808723 0.13444300517663 0.163682247710613 0.0462836169961024
"2006" 0.173382659946924 0.0304320840029616 0.0901910690355892 0.0686529009916734 0.0396457953239266 0.0396509846395547 0.158671689035961 0.201912065775578 0.296388302406766 0.0921628991728057
"2007" 0.100521470537259 0.0541163667843637 0.0225098402481028 0.0807258466129178 0.0794459521362551 0.042229427200844 0.0398182364842824 0.151358475705088 0.123924936686133 0.0652207711379906
"2008" 0.198421715586359 0.0450191291856198 0.0431774246486749 0.0255903680114257 0.0863590205394995 0.0903500449117936 0.0540439438054796 0.0540294976867314 0.144683801242564 0.0931161585167435
"2009" 1 1 1 1 1 1 1 1 1 1
"2010" 1 1 1 1 1 1 1 1 1 1
"2011" 1 1 1 1 1 1 1 1 1 1
"2012" 1 1 1 1 1 1 1 1 1 1
"2013" 1 1 1 1 1 1 1 1 1 1
"2014" 1 1 1 1 1 1 1 1 1 1
"2015" 0.0873371884170798 0.0428447040091707 0.0738418803860748 0.0400038640177559 0.0996242699189728 0.079239126373219 0.042064328869366 0.0758866287218001 0.0281839039443812 0.0458407592899672
"2016" 0.125091063348918 0.117618858141205 0.0857491328410829 0.0967824875535687 0.0463530133944212 0.119804481974497 0.0838151555955715 0.0425530383190682 0.0776947066692004 0.031941265317369
"2017" 0.17556916487852 0.0639428164398445 0.0784293816812065 0.0701087758890554 0.096088787174102 0.0576255895400126 0.136614413049569 0.122132702631889 0.0501640513639873 0.0378446729525883
"2018" 0.147894147782974 0.0516327368730589 0.0426319325357991 0.0896419125137868 0.0716725608975251 0.0807258466129178 0.06381702813725 0.0914067026581263 0.0995139906933407 0.0391279789255397
"2019" 0.101563882365491 0.10898206183724 0.067807650096389 0.0378937263329425 0.0726145226417644 0.0691706314812909 0.0795500413806493 0.0650864648301221 0.0750119837940477 0.0341548191229779
