"art","aar","type","alder","cn","cn_sd","cn_5","cn_95","cw","cw_sd","cw_5","cw_95","lw","lw_sd","lw_5","lw_95","v","mean","n","logn"
"NVG_sild",2011,"A",1,3.94,2.7,0.57,8.98,118.16,8.88,101.17,129.71,23.24,0.51,22.26,23.91,7.29,3.94,91,-4.51085950651685
"NVG_sild",2011,"A",2,292.44,56.76,208.34,390.1,178,3.26,172.84,183.53,26.66,0.11,26.48,26.85,3221.6976,292.44,91,-4.51085950651685
"NVG_sild",2011,"A",3,101.34,22.42,67.53,139.28,213.81,4.44,206.34,221.12,28.44,0.13,28.23,28.63,502.6564,101.34,91,-4.51085950651685
"NVG_sild",2011,"A",4,101.03,22.77,67.16,139.16,234.48,4.69,226.77,241.72,29.61,0.12,29.42,29.81,518.4729,101.03,91,-4.51085950651685
"NVG_sild",2011,"A",5,200.04,36.57,148.87,265.48,255.01,4.34,247.81,261.9,30.67,0.11,30.47,30.85,1337.3649,200.04,91,-4.51085950651685
"NVG_sild",2011,"A",6,109.57,23.6,76.45,150.69,285.48,5.68,276.47,295.36,31.76,0.12,31.57,31.96,556.96,109.57,91,-4.51085950651685
"NVG_sild",2011,"A",7,428.8,59.76,336.63,523.04,302.17,4.72,294.6,309.93,32.5,0.11,32.33,32.69,3571.2576,428.8,91,-4.51085950651685
"NVG_sild",2011,"A",8,287.38,46.17,218.15,369.69,321.3,5.34,312.84,330.32,33.2,0.12,33.01,33.4,2131.6689,287.38,91,-4.51085950651685
"NVG_sild",2011,"A",9,328.01,47.39,254.15,407.14,331.12,5.49,322.41,340.45,33.69,0.12,33.49,33.9,2245.8121,328.01,91,-4.51085950651685
"NVG_sild",2011,"A",10,37.76,10.25,23.63,55.68,347.19,7.64,335.15,361.34,34.21,0.14,34,34.44,105.0625,37.76,91,-4.51085950651685
"NVG_sild",2011,"A",11,42.97,11.66,25.71,63.53,349.57,6.45,339.35,360.32,34.53,0.13,34.32,34.75,135.9556,42.97,91,-4.51085950651685
"NVG_sild",2011,"A",12,52.3,14.18,32.35,78.43,372.08,7.64,359.47,384.93,35,0.14,34.79,35.23,201.0724,52.3,91,-4.51085950651685
"NVG_sild",2011,"A",13,22.15,7.05,12.05,34.02,377.78,9.22,363.55,393.29,35.28,0.15,35.04,35.52,49.7025,22.15,91,-4.51085950651685
"NVG_sild",2011,"A",14,3.28,2.39,0.8,8.23,381.11,11.46,364.1,401.25,35.51,0.18,35.23,35.79,5.7121,3.28,91,-4.51085950651685
"NVG_sild",2011,"A",15,8.64,2.91,4.36,13.15,411.91,10.36,395.78,429.87,36.16,0.17,35.87,36.42,8.4681,8.64,91,-4.51085950651685
"NVG_sild",2012,"A",1,6.48,2.59,3,11.21,88.62,7.6,76.32,101.17,20.94,0.63,19.86,21.93,6.7081,6.48,78,-4.35670882668959
"NVG_sild",2012,"A",2,10.31,3.12,5.86,15.81,151.13,8.05,137.82,164.06,25.33,0.4,24.68,25.95,9.7344,10.31,78,-4.35670882668959
"NVG_sild",2012,"A",3,65.47,11.84,47.65,86.12,202.73,6.56,193.01,213.3,28.09,0.26,27.67,28.51,140.1856,65.47,78,-4.35670882668959
"NVG_sild",2012,"A",4,30.62,6.01,20.89,40.87,236.97,7.94,224.62,249.76,29.76,0.27,29.36,30.16,36.1201,30.62,78,-4.35670882668959
"NVG_sild",2012,"A",5,97.8,16.04,74.27,128.05,263.66,8.46,249.88,277.4,30.98,0.27,30.54,31.41,257.2816,97.8,78,-4.35670882668959
"NVG_sild",2012,"A",6,239.37,32.87,187.23,292.45,288.84,8.74,275.6,302.71,31.96,0.27,31.52,32.36,1080.4369,239.37,78,-4.35670882668959
"NVG_sild",2012,"A",7,127.02,19.7,99.99,162.07,310.18,9.02,295.72,324.67,32.68,0.27,32.23,33.1,388.09,127.02,78,-4.35670882668959
"NVG_sild",2012,"A",8,572.22,50.09,489.73,651.67,321.46,9.27,307.31,337.45,33.12,0.27,32.68,33.53,2509.0081,572.22,78,-4.35670882668959
"NVG_sild",2012,"A",9,136.18,21.66,100.66,173.72,330.93,9.78,315.7,347.54,33.44,0.28,32.98,33.87,469.1556,136.18,78,-4.35670882668959
"NVG_sild",2012,"A",10,205.92,28.06,164.28,253.71,333.38,9.97,317.8,349.19,33.62,0.28,33.17,34.07,787.3636,205.92,78,-4.35670882668959
"NVG_sild",2012,"A",11,15.28,3.96,9.84,21.91,341.8,10.48,325.25,358.85,33.82,0.28,33.35,34.25,15.6816,15.28,78,-4.35670882668959
"NVG_sild",2012,"A",12,12.71,3.18,8.12,18.68,344.08,10.53,327.49,360.95,33.92,0.28,33.46,34.38,10.1124,12.71,78,-4.35670882668959
"NVG_sild",2012,"A",13,25.79,6.49,17.04,38.44,342.76,10.65,325.52,359.9,33.97,0.29,33.5,34.42,42.1201,25.79,78,-4.35670882668959
"NVG_sild",2012,"A",14,5.9,2.31,2.21,9.91,348.83,10.76,331.59,366.36,34.06,0.29,33.59,34.51,5.3361,5.9,78,-4.35670882668959
"NVG_sild",2012,"A",15,2.32,0.78,1.09,3.6,351.47,11,334.21,370.67,34.16,0.29,33.67,34.62,0.6084,2.32,78,-4.35670882668959
"NVG_sild",2013,"A",1,0.35,0.27,0.06,0.86,67.56,16.84,36.26,90.67,18.58,1.77,15.24,20.84,0.0729,0.35,50,-3.91202300542815
"NVG_sild",2013,"A",2,3.12,1.48,0.6,5.6,146.52,8.92,131.26,159.15,24.79,0.49,23.92,25.54,2.1904,3.12,50,-3.91202300542815
"NVG_sild",2013,"A",3,19.64,4.96,12.59,28.5,222.26,5.69,212.41,231,28.74,0.2,28.38,29.03,24.6016,19.64,50,-3.91202300542815
"NVG_sild",2013,"A",4,164.85,27.18,122.31,211.5,273.01,4.85,265.36,281.24,30.9,0.13,30.69,31.11,738.7524,164.85,50,-3.91202300542815
"NVG_sild",2013,"A",5,34.15,7.1,23.98,47.05,298.6,6.05,289.14,308.4,32.03,0.15,31.8,32.27,50.41,34.15,50,-3.91202300542815
"NVG_sild",2013,"A",6,67.81,12.29,49.46,89.52,318.92,5.83,309.17,328.92,32.86,0.13,32.65,33.08,151.0441,67.81,50,-3.91202300542815
"NVG_sild",2013,"A",7,172.91,24.3,135.79,214.92,335.57,5.4,327.09,344.12,33.46,0.11,33.28,33.64,590.49,172.91,50,-3.91202300542815
"NVG_sild",2013,"A",8,79.69,14.08,57.95,103.74,346.86,5.54,337.85,356.17,33.83,0.11,33.66,34.03,198.2464,79.69,50,-3.91202300542815
"NVG_sild",2013,"A",9,302.4,33.17,248.18,354.51,354.26,5.42,345.99,363.6,34.07,0.11,33.89,34.25,1100.2489,302.4,50,-3.91202300542815
"NVG_sild",2013,"A",10,51.38,9.96,36.97,69.24,352.83,5.56,343.96,362.05,34.15,0.11,33.97,34.34,99.2016,51.38,50,-3.91202300542815
"NVG_sild",2013,"A",11,86.91,15.32,63.47,114.57,359.59,5.81,350.24,369.51,34.28,0.11,34.09,34.47,234.7024,86.91,50,-3.91202300542815
"NVG_sild",2013,"A",12,7.63,1.83,4.84,10.92,360.19,7.18,348.53,371.89,34.33,0.12,34.12,34.53,3.3489,7.63,50,-3.91202300542815
"NVG_sild",2013,"A",13,4.94,1.8,2.55,8.5,361.67,7,349.43,372.31,34.37,0.12,34.17,34.57,3.24,4.94,50,-3.91202300542815
"NVG_sild",2013,"A",14,7.66,2.72,4.25,13.1,368.62,6.57,358.2,379.72,34.45,0.12,34.25,34.65,7.3984,7.66,50,-3.91202300542815
"NVG_sild",2013,"A",15,2.12,1.26,0.33,4.29,363.7,8.5,349.62,376.78,34.42,0.14,34.18,34.65,1.5876,2.12,50,-3.91202300542815
"NVG_sild",2015,"A",1,0.65,0.43,0.18,1.45,57.79,9.97,40.22,70.83,18.15,1.14,16.15,19.61,0.1849,0.65,76,-4.33073334028633
"NVG_sild",2015,"A",2,2.83,1.18,0.92,4.8,133.26,6.67,121.82,143.72,24.31,0.39,23.64,24.92,1.3924,2.83,76,-4.33073334028633
"NVG_sild",2015,"A",3,5.94,1.46,3.74,8.55,204.66,4.7,196.13,211.58,28.09,0.19,27.76,28.35,2.1316,5.94,76,-4.33073334028633
"NVG_sild",2015,"A",4,21.88,2.85,17.52,27.02,253.62,3.39,247.98,259.1,30.24,0.1,30.07,30.4,8.1225,21.88,76,-4.33073334028633
"NVG_sild",2015,"A",5,21.28,2.99,16.66,26.32,293.57,3.48,287.79,299.5,31.79,0.09,31.64,31.94,8.9401,21.28,76,-4.33073334028633
"NVG_sild",2015,"A",6,94.88,7.04,83.94,106.6,319.35,2.66,315.26,323.56,32.78,0.07,32.67,32.9,49.5616,94.88,76,-4.33073334028633
"NVG_sild",2015,"A",7,15,2.31,11.44,19.2,348.53,3.28,342.58,353.73,33.63,0.07,33.5,33.74,5.3361,15,76,-4.33073334028633
"NVG_sild",2015,"A",8,14.88,2.17,11.43,18.45,356.56,3.29,351.46,362.21,34,0.06,33.9,34.12,4.7089,14.88,76,-4.33073334028633
"NVG_sild",2015,"A",9,90.33,6.69,80.17,101.78,366.92,2.44,362.72,371.07,34.32,0.05,34.23,34.41,44.7561,90.33,76,-4.33073334028633
"NVG_sild",2015,"A",10,25.03,3.19,20.24,30.11,376.43,2.77,371.9,381.03,34.56,0.06,34.47,34.65,10.1761,25.03,76,-4.33073334028633
"NVG_sild",2015,"A",11,152.11,8.51,138.8,165.71,377.62,2.29,374.03,381.42,34.67,0.05,34.58,34.75,72.4201,152.11,76,-4.33073334028633
"NVG_sild",2015,"A",12,7.67,1.53,5.42,10.25,381.12,3.69,375.19,387.16,34.76,0.06,34.66,34.86,2.3409,7.67,76,-4.33073334028633
"NVG_sild",2015,"A",13,42.33,4.04,35.67,49.55,383.45,2.88,378.65,388.26,34.82,0.06,34.73,34.92,16.3216,42.33,76,-4.33073334028633
"NVG_sild",2015,"A",14,1.6,0.9,0.59,3.47,383.81,6.31,372.63,392.58,34.86,0.11,34.67,35.03,0.81,1.6,76,-4.33073334028633
"NVG_sild",2015,"A",15,5.88,1.31,4.06,8.42,388,3.48,382.55,393.01,34.91,0.06,34.81,35.02,1.7161,5.88,76,-4.33073334028633
"NVG_sild",2016,"A",1,0.19,0.28,0,0.68,47.87,20.03,0,66.05,16.46,4.95,0,19.49,0.0784,0.19,93,-4.53259949315326
"NVG_sild",2016,"A",2,1.8,0.9,0.68,3.5,76.82,5.02,71.11,86.42,20.96,0.33,20.54,21.61,0.81,1.8,93,-4.53259949315326
"NVG_sild",2016,"A",3,21.89,4.74,15.28,30.95,189.58,4.62,181.25,196.38,27.52,0.18,27.18,27.78,22.4676,21.89,93,-4.53259949315326
"NVG_sild",2016,"A",4,26.39,5.23,18.56,36.33,240.4,6.05,229.33,249.5,29.82,0.18,29.52,30.08,27.3529,26.39,93,-4.53259949315326
"NVG_sild",2016,"A",5,64.5,9.9,49.38,80.38,275.26,5.55,266.31,284.16,31.32,0.13,31.11,31.52,98.01,64.5,93,-4.53259949315326
"NVG_sild",2016,"A",6,42.92,7.04,32.43,54.58,310.67,5.85,301.17,320.32,32.57,0.12,32.38,32.77,49.5616,42.92,93,-4.53259949315326
"NVG_sild",2016,"A",7,98.64,13.41,76.94,121.81,327.52,4.94,319.3,335.64,33.3,0.09,33.15,33.45,179.8281,98.64,93,-4.53259949315326
"NVG_sild",2016,"A",8,25.23,4.95,18.07,34.08,346.34,5.97,337.08,356.33,33.91,0.1,33.76,34.06,24.5025,25.23,93,-4.53259949315326
"NVG_sild",2016,"A",9,25.57,5.28,17.96,35.18,352.08,5.16,343.63,360.93,34.24,0.09,34.11,34.38,27.8784,25.57,93,-4.53259949315326
"NVG_sild",2016,"A",10,107.36,15.36,84.29,134.16,362.86,4.38,356.09,369.88,34.54,0.08,34.4,34.66,235.9296,107.36,93,-4.53259949315326
"NVG_sild",2016,"A",11,24.12,5.16,16.38,33.28,366.38,5.15,358.6,375.1,34.73,0.09,34.58,34.87,26.6256,24.12,93,-4.53259949315326
"NVG_sild",2016,"A",12,110.03,15.38,86.78,135.67,372.45,4.3,365.53,380.05,34.85,0.08,34.72,34.99,236.5444,110.03,93,-4.53259949315326
"NVG_sild",2016,"A",13,12.38,3.24,7.83,18.4,367.01,5.37,359.05,376.49,34.95,0.12,34.77,35.16,10.4976,12.38,93,-4.53259949315326
"NVG_sild",2016,"A",14,27.47,5.79,18.79,37.4,379.89,5.42,370.85,388.54,35.02,0.09,34.87,35.15,33.5241,27.47,93,-4.53259949315326
"NVG_sild",2016,"A",15,5.41,1.57,3.34,8.2,379.47,6.96,368.84,390.36,35.09,0.11,34.93,35.27,2.4649,5.41,93,-4.53259949315326
"NVG_sild",2017,"A",1,0.6219,0.3581,0.2249,1.2755,91.1717,5.7757,81.932,100.5672,21.3603,0.4233,20.6479,22.0142,0.12823561,0.6219,86,-4.45434729625351
"NVG_sild",2017,"A",2,16.0379,6.024,8.3441,27.1608,139.7297,5.0079,132.0515,148.8335,24.7625,0.2583,24.3612,25.2016,36.288576,16.0379,86,-4.45434729625351
"NVG_sild",2017,"A",3,49.9626,17.45,25.2166,80.5065,184.7816,5.0277,177.4959,193.8076,27.2591,0.2033,26.9626,27.6316,304.5025,49.9626,86,-4.45434729625351
"NVG_sild",2017,"A",4,244.8377,35.1221,186.9002,300.6272,229.5945,4.6026,222.6136,238.1063,29.3257,0.1597,29.0892,29.6034,1233.56190841,244.8377,86,-4.45434729625351
"NVG_sild",2017,"A",5,60.2145,13.2024,42.5447,83.6274,274.6234,6.1373,265.2916,284.6373,31.2229,0.17,30.9367,31.4932,174.30336576,60.2145,86,-4.45434729625351
"NVG_sild",2017,"A",6,142.7864,26.762,104.3803,188.0593,311.1893,5.6566,301.551,320.2403,32.5153,0.1387,32.2625,32.7364,716.204644,142.7864,86,-4.45434729625351
"NVG_sild",2017,"A",7,79.4098,17.4343,55.2821,108.8479,333.3755,6.3719,323.3736,343.5446,33.409,0.1161,33.2285,33.5999,303.95481649,79.4098,86,-4.45434729625351
"NVG_sild",2017,"A",8,180.2583,30.1309,136.2553,235.8296,351.5333,4.9374,343.8971,360.0151,34.0365,0.0905,33.8976,34.1989,907.87113481,180.2583,86,-4.45434729625351
"NVG_sild",2017,"A",9,35.3483,8.7433,21.968,50.3354,368.2658,6.1301,356.8847,377.0841,34.3931,0.1399,34.1343,34.5884,76.44529489,35.3483,86,-4.45434729625351
"NVG_sild",2017,"A",10,22.5468,6.7745,12.0432,33.137,373.0774,6.8907,361.1265,383.3702,34.6639,0.1503,34.4092,34.8744,45.89385025,22.5468,86,-4.45434729625351
"NVG_sild",2017,"A",11,173.9316,29.9889,129.3876,230.5882,387.6474,4.8153,379.5918,395.236,35.0808,0.0873,34.9397,35.2213,899.33412321,173.9316,86,-4.45434729625351
"NVG_sild",2017,"A",12,14.8516,4.9542,7.687,24.0026,373.7259,5.2322,363.9259,381.7098,35.1096,0.1427,34.8644,35.3148,24.54409764,14.8516,86,-4.45434729625351
"NVG_sild",2017,"A",13,147.338,26.3511,105.9966,193.1485,397.1284,4.8414,389.3953,405.5028,35.3819,0.1003,35.2259,35.5396,694.38047121,147.338,86,-4.45434729625351
"NVG_sild",2017,"A",14,1.5085,0.879,0.453,3.1902,381.0964,5.9117,371.6784,390.2522,35.4133,0.1389,35.1835,35.6345,0.772641,1.5085,86,-4.45434729625351
"NVG_sild",2017,"A",15,44.173,8.6856,31.0978,58.9573,390.9557,5.2837,382.2567,399.9746,35.461,0.1246,35.2647,35.6506,75.43964736,44.173,86,-4.45434729625351
"NVG_sild",2018,"A",1,1.26476,1.10546,0.41469,3.82973,66.05692,5.70244,55.81505,74.01958,19.66489,0.631,18.4601,20.41976,1.2220418116,1.26476,79,-4.36944785246702
"NVG_sild",2018,"A",2,22.13047,6.06778,13.95277,32.99005,125.96708,3.23586,120.79204,131.70499,24.38926,0.16963,24.12495,24.68118,36.8179541284,22.13047,79,-4.36944785246702
"NVG_sild",2018,"A",3,19.19334,4.78652,11.73463,27.77784,183.82203,3.23056,178.89127,189.43554,27.54763,0.12377,27.36893,27.76409,22.9107737104,19.19334,79,-4.36944785246702
"NVG_sild",2018,"A",4,46.58943,7.80923,34.67882,60.52001,222.61978,4.51061,214.97655,229.67283,29.36964,0.15376,29.11475,29.60422,60.9840731929,46.58943,79,-4.36944785246702
"NVG_sild",2018,"A",5,199.08133,16.17191,172.55019,225.59363,262.32146,3.08736,257.60795,267.69154,31.05845,0.09073,30.90782,31.20337,261.5306730481,199.08133,79,-4.36944785246702
"NVG_sild",2018,"A",6,104.17949,12.26991,86.17991,126.13621,310.08165,4.36224,303.11406,316.74558,32.65527,0.11513,32.48845,32.83237,150.5506914081,104.17949,79,-4.36944785246702
"NVG_sild",2018,"A",7,116.45179,12.80984,97.27415,139.40195,337.97039,4.32988,331.11821,345.15463,33.59938,0.1058,33.42678,33.77232,164.0920008256,116.45179,79,-4.36944785246702
"NVG_sild",2018,"A",8,52.99101,8.16023,40.43767,66.63964,359.63236,5.49035,351.2089,368.04191,34.28382,0.1302,34.09591,34.48669,66.5893536529,52.99101,79,-4.36944785246702
"NVG_sild",2018,"A",9,119.06279,13.96787,97.48063,143.8824,372.25635,4.81161,364.6164,380.07353,34.70847,0.1143,34.52782,34.90635,195.1013923369,119.06279,79,-4.36944785246702
"NVG_sild",2018,"A",10,32.42265,6.30338,22.81068,43.36416,388.74266,7.19957,378.61119,400.78539,35.1185,0.15913,34.88496,35.36151,39.7325994244,32.42265,79,-4.36944785246702
"NVG_sild",2018,"A",11,19.15882,4.76624,12.73966,28.15636,391.64619,8.39213,380.07905,406.84265,35.22125,0.18396,34.98171,35.52745,22.7170437376,19.15882,79,-4.36944785246702
"NVG_sild",2018,"A",12,122.63215,13.96101,99.85978,145.78796,397.67545,5.13687,389.4596,406.64144,35.42322,0.11355,35.25851,35.61022,194.9098002201,122.63215,79,-4.36944785246702
"NVG_sild",2018,"A",13,24.2115,6.66683,16.42366,37.28161,400.94107,8.84736,388.93704,413.84133,35.49037,0.19158,35.20809,35.76632,44.4466222489,24.2115,79,-4.36944785246702
"NVG_sild",2018,"A",14,99.69331,11.90317,81.20145,120.41671,403.41936,5.75233,394.3684,412.9534,35.60031,0.12538,35.40324,35.7935,141.6854560489,99.69331,79,-4.36944785246702
"NVG_sild",2018,"A",15,22.31132,5.34857,15.98314,32.43584,405.50938,6.59639,395.05567,416.49491,35.63508,0.13917,35.41563,35.8676,28.6072010449,22.31132,79,-4.36944785246702
