"age","CI5p","median","CI95p","mean","SE","RSE","year","n","v"
2,372760.6090272,1147788.0197181,2092838.64300759,1188607.24534214,535615.788234973,0.450624704109721,2008,NA,286884272606.572
3,316993.74521002,635394.9295168,992892.777156685,644497.989793187,205664.754751966,0.319108450311788,2008,NA,42297991347.1865
4,7404589.06216218,10737569.5035533,15373155.4853234,10967937.7033872,2377942.1851789,0.216808505800004,2008,NA,5654609036053.41
5,6028319.88801233,8133060.16914595,10780691.8408973,8214112.29769139,1433992.97692759,0.174576743652582,2008,NA,2056335857877.66
6,10586867.2959996,14510247.7804676,18953005.1834881,14635326.5234008,2562315.6146134,0.175077447743748,2008,NA,6565461308891.64
7,943816.905056835,1514289.4205477,2147173.91598729,1527963.94735157,376313.9694825,0.246284586841704,2008,NA,141612203627.676
8,1447143.42467952,2186960.7230183,3151289.54678117,2225949.01128541,548752.944016724,0.24652538815336,2008,NA,301129793567.022
9,3239575.11195816,4826544.4091035,6626246.04510272,4872830.73315035,1058677.7548181,0.217261344133259,2008,NA,1120798588546.69
10,1736100.73618191,2755361.0005245,3989875.14020324,2790416.32904568,671013.775976258,0.240470846228793,2008,NA,450259487549.915
11,287914.370596435,502077.63384285,760521.75174945,512223.686531447,146097.984196721,0.285223014941055,2008,NA,21344620986.3454
12,51151.410795505,141649.35410045,248808.323781045,145994.898115884,61191.1701839564,0.419132250329636,2008,NA,3744359308.48192
13,63325.44647499,168604.90248685,287979.62042737,171699.73005781,71968.5448168398,0.419153511730091,2008,NA,5179471443.05348
14,70706.04355361,243289.8476496,440624.195204935,241161.287844394,112875.242697653,0.468048763989369,2008,NA,12740820414.0541
15,92591.833924515,271325.8874179,501682.857816445,282573.615054828,128869.310307739,0.45605570882028,2008,NA,16607299139.1922
16,40335.03835392,164154.34088655,306196.86390889,164386.426070984,87508.4996078809,0.532334096551828,2008,NA,7657737503.62249
17,0,63638.0353538,138895.450045325,67973.2855367276,41009.6898136263,0.603320694149289,2008,NA,1681794658.60985
NA,6261.66964971,32061.8585113,169691.532294,50624.2847635472,58070.9269883566,1.14709624559815,2008,NA,3372232561.28704
2,19952.15885695,133742.82023775,305467.80300005,140626.458228082,91376.3536220723,0.649780665554906,2009,NA,8349638001.26601
3,733540.882576685,1738295.18170735,3286238.41433964,1835784.29810525,787693.008643781,0.429077103152465,2009,NA,620460275866.292
4,824829.583906775,2057919.32356615,4758341.85958086,2271024.16877569,1126807.02051516,0.496166899501834,2009,NA,1269694061482.26
5,8513289.90613928,12045287.4412462,17227289.8212037,12342299.6781198,2553581.90519762,0.206896767360507,2009,NA,6520780546552.7
6,6408978.04306533,8579366.3884611,10826672.3657758,8607200.84936227,1359564.71832549,0.157956662348157,2009,NA,1848416223315.46
7,7003692.06393407,9615033.40988845,11874219.0165034,9589415.25072295,1420105.55073294,0.148090943358186,2009,NA,2016699775222.49
8,863560.239460925,2084790.1273845,3126297.93193107,2021024.7825273,727605.510417198,0.360018104036966,2009,NA,529409778789.472
9,884683.761428375,1394616.4964244,2010742.34213445,1414896.17529337,363195.333451282,0.256693982069728,2009,NA,131910850240.788
10,1691231.84978714,2498057.9151309,3384868.77716227,2531347.37709113,537250.373396901,0.212238896272812,2009,NA,288637963715.109
11,798027.277304765,1279565.9869686,1825891.87971126,1302275.59254945,311071.889263991,0.238867940890308,2009,NA,96765720290.269
12,116119.550644015,222110.8418842,331670.43652717,224181.917708522,67313.949438156,0.300264847969034,2009,NA,4531167788.96262
13,95960.51858296,193437.9080608,314705.253229385,195468.836313781,67730.6755336812,0.346503702641145,2009,NA,4587444408.2488
14,5089.7388697,109431.01494155,218614.23612134,98442.4282687968,71336.8000168851,0.724655021939322,2009,NA,5088939036.64906
15,28138.36792491,67633.37438445,118323.446499005,68747.8403150028,24936.4974356573,0.362724084442482,2009,NA,621828904.358544
16,68055.512836835,126207.9163876,237191.67507314,138113.966808613,63699.4391488807,0.461209250742541,2009,NA,4057618547.88196
17,4789.41845721,24766.7737405,46540.60042725,25135.337603151,11940.7311833925,0.475057521483047,2009,NA,142581061.194043
18,0,10600.9424181,40245.45058863,12896.8054314784,13499.8021155036,1.04675550757348,2009,NA,182244657.157756
NA,30169.638394,94631.28156575,245569.774991995,107412.800157081,64246.5911243732,0.598127886345193,2009,NA,4127624471.10239
1,0,202675.97835925,611744.1311532,221453.447813616,224385.816409764,1.01324146733817,2010,NA,50348994605.8763
2,19472.02070165,109157.08124175,249855.826929305,117368.825457888,71777.0884518806,0.611551561258778,2010,NA,5151950426.62908
3,171942.43913014,532774.10186385,1099181.85614845,568879.915713375,284087.760590259,0.49938089347734,2010,NA,80705855717.1884
4,1359666.94151562,2211652.21307195,3456605.37756588,2278712.15785953,660603.112631951,0.289901956398248,2010,NA,436396472419.023
5,1115420.09748899,1833844.6797189,2650238.3830042,1849330.5300344,466297.529201744,0.252143963249809,2010,NA,217433385739.651
6,6317403.15591627,8382752.18029525,10601462.8755964,8359594.81747827,1279351.54960376,0.153039899365564,2010,NA,1636740387473.55
7,4572742.4042597,5887916.8459448,7358558.47442659,5910295.25525529,848502.402737506,0.143563454293259,2010,NA,719956327451.321
8,4370792.04045664,5620108.45546895,7221030.57391053,5686814.01558847,860350.395567942,0.151288646544372,2010,NA,740202803153.915
9,512469.00509159,920841.55156275,1446047.08233992,944972.189384421,292245.068188643,0.309263141785177,2010,NA,85407179880.5848
10,585468.17519613,881220.99848995,1233324.90781884,891070.773233693,200423.490526185,0.224924323125142,2010,NA,40169575554.6998
11,543985.61482395,1011691.0633695,1588585.67107515,1025658.50327877,316039.432209493,0.308133195599894,2010,NA,99880922711.2987
12,246952.95271695,550152.5970006,892824.096941365,553767.451556841,195372.1838047,0.352805466004617,2010,NA,38170290204.6177
13,28175.567428445,81209.51923225,164295.32929919,86611.1437075962,41447.5409517385,0.478547438325807,2010,NA,1717898650.94604
14,8278.88549526,40249.29339285,86569.272845555,43127.7756331432,24697.7741664935,0.572665151492615,2010,NA,609980048.779112
15,0,8139.21332775,28630.774674725,9822.1878176386,10207.5455599474,1.0392333917314,2010,NA,104193986.358402
16,7173.483401055,55907.3807568,122717.69675292,58282.037406075,35266.8454067866,0.605106598471634,2010,NA,1243750384.94618
NA,21081.325627115,164757.0585286,382786.945327645,175447.190134433,115565.90053598,0.65869336777312,2010,NA,13355477366.6921
2,254466.684006855,1010993.58454695,2477501.14418031,1133187.30543307,710128.767100598,0.62666495088313,2011,NA,504282865863.815
3,425097.21067133,918139.9814377,1742188.75406884,968837.454821805,402746.028821495,0.415700308464613,2011,NA,162204363731.485
4,1066730.46495222,1625017.7024218,2336070.52775618,1654145.57975275,389050.858897524,0.23519747213282,2011,NA,151360570808.901
5,2440259.19280659,3500301.33928945,4671035.9813003,3522588.44240674,679027.338768107,0.192763744578738,2011,NA,461078126794.497
6,1842759.87642723,2577170.7922396,3414780.54133892,2604775.4236797,498375.634015537,0.191331517291227,2011,NA,248378272580.389
7,6990265.96620126,9250682.20360785,11518251.8214482,9259596.96850215,1396914.72314711,0.150861287796749,2011,NA,1951370743745.16
8,3428928.31926301,4387081.15326815,5436035.99451764,4405321.86769366,613968.542786295,0.139369735339617,2011,NA,376957371531.127
9,3245429.88435312,4201870.17357245,5354229.90116808,4230999.3316008,630943.954711332,0.14912409699498,2011,NA,398090273986.776
10,485960.87580594,771622.0979629,1117460.34178392,782308.757049143,191355.864002996,0.244604016353834,2011,NA,36617066688.3333
11,628931.858697385,945044.57961565,1313268.40303873,956419.434605214,208082.680757371,0.217564253954399,2011,NA,43298402031.1742
12,486137.95203208,716303.80750555,1016560.85625148,737120.740167231,166752.248672063,0.226221078292048,2011,NA,27806312437.1896
13,166093.6608238,265022.7295872,396929.448553665,268506.917424829,70190.2966125372,0.261409639966492,2011,NA,4926677738.55595
14,1924.66264087001,25279.11320955,70014.8220207,28847.6377700398,19718.5903551465,0.683542635703281,2011,NA,388822805.594078
15,0,17892.36083945,40260.20502877,18768.3944081862,13233.717442486,0.705106529342428,2011,NA,175131277.347558
16,0,6460.72212675,21869.62787973,7414.911086039,7888.77965709049,1.06390751899152,2011,NA,62232844.4781248
17,0,3557.7791754,14027.708074885,4634.636728851,4970.91211995789,1.07255701164528,2011,NA,24709967.3043443
18,0,1997.03763615,10675.830951615,3047.6357273694,4163.64572064938,1.36618877487805,2011,NA,17335945.6870819
NA,5190.648936805,77134.43047175,322798.086207465,101334.488768106,109824.081388823,1.08377791928417,2011,NA,12061328852.8987
2,90604.679424395,357100.19673835,879135.200004105,409287.732463703,256302.969230254,0.626217081287633,2012,NA,65691212036.2444
3,1814014.62512363,2902820.90597995,4314944.15535043,2948994.5514273,763905.500653837,0.259039305543684,2012,NA,583551613929.189
4,212869.140840815,368886.78044325,626515.984444575,390130.135533837,127311.163082282,0.326329989627885,2012,NA,16208132245.3635
5,424896.32236438,681382.9216575,1032392.20320098,692593.212966686,186275.561102433,0.268953777794807,2012,NA,34698584664.0264
6,1199251.75372611,1726650.6597332,2466433.61008792,1763754.14925271,385723.004613369,0.218694314497742,2012,NA,148782236287.965
7,1757917.50768548,2639538.1100209,3695299.95189365,2659699.60675248,598707.294232837,0.2251033510374,2012,NA,358450424167.605
8,2942086.10198382,4366123.11689395,6032916.80732822,4438384.58356277,935398.951138326,0.210752117922026,2012,NA,874971197790.679
9,1408661.98818293,1901735.80548735,2552158.10148049,1933451.76710316,347623.394569348,0.179794190102908,2012,NA,120842024451.917
10,1442183.16539332,2127115.90974105,3173828.47441176,2197088.52791003,542270.759983482,0.246813340971433,2012,NA,294057577133.063
11,191174.406163175,291193.1346341,447057.02286872,302727.173336243,83976.4833284135,0.277399885854117,2012,NA,7052049752.20731
12,309659.275722585,604237.51668285,988884.535321045,618587.941246388,211139.169386134,0.341324418579372,2012,NA,44579748849.0667
13,140913.30661631,302367.7461917,505469.67542944,313982.123603544,110162.90051695,0.35085723751601,2012,NA,12135864650.3074
14,70160.308117915,135641.5501125,225655.42905871,140716.576141294,49871.2250509204,0.354409028548594,2012,NA,2487139088.07955
15,2069.42938418,13012.8602609,35051.72738545,15253.3537883566,10938.7778559417,0.717139194941618,2012,NA,119656860.981641
16,5163.96646376,24736.45854755,55049.17730249,27290.123847225,15978.8553253652,0.585517875067835,2012,NA,255323817.508953
NA,0,1000.16626245,43980.35049183,10137.7209473196,17417.1135315292,1.7180502030029,2012,NA,303355843.770177
2,24277.155253755,139477.593869,479687.004298254,179469.39921775,156263.266906239,0.870695882347303,2013,NA,24418208584.2106
3,337827.58582686,692838.1924143,1161559.24003418,704390.642191264,257010.970130697,0.364869938264896,2013,NA,66054638767.522
4,2456371.21162153,3524306.64735125,4786430.01114118,3576553.43109521,723509.774408942,0.202292455110167,2013,NA,523466393665.278
5,277798.834652275,423721.50731815,616323.616089495,431297.517865021,103978.611487128,0.241083259652956,2013,NA,10811551646.7911
6,812843.14900289,1161450.75142485,1575869.64142118,1167901.5174031,244533.845433833,0.20937882329117,2013,NA,59796801562.6577
7,1431417.43514345,1865731.8994088,2390422.86265652,1890094.37841802,295132.79952725,0.156147123073437,2013,NA,87103369356.7917
8,2081377.84730872,2956384.75889005,3912612.66834251,2971075.78560752,571210.50163324,0.192257129353717,2013,NA,326281437176.098
9,3428393.77750906,4479329.1890585,5629375.88490351,4492151.81726678,685186.492206974,0.152529682895684,2013,NA,469480529102.897
10,2018438.58338355,2767488.8865598,3653938.54541695,2777453.65694279,499742.203503621,0.179928187912125,2013,NA,249742269962.655
11,1193335.58089646,1856142.90753295,2727726.40111205,1874532.52968063,479791.121668737,0.255952411639654,2013,NA,230199520432.145
12,389624.21394007,663261.10713735,970730.72668232,669110.337596963,185915.869612855,0.277855323952327,2013,NA,34564710573.9042
13,479554.18711583,778406.0148007,1100655.97104911,783401.399046058,197848.615611395,0.252550756039387,2013,NA,39144074699.3456
14,101875.652536635,211980.6220051,385564.480515775,222257.809055948,86864.6934573582,0.390828532983029,2013,NA,7545474969.44081
15,22226.028915345,72669.91759105,136426.60676075,75350.3751851972,33907.1844268705,0.449993571279944,2013,NA,1149697155.75781
16,5592.33808671,26196.9593506,58028.440572215,27839.2367874292,17252.2791090048,0.619710922419936,2013,NA,297641134.455002
NA,0,7315.54762735,76662.8528424699,20882.5439115768,36715.6914852077,1.75820013311948,2013,NA,1348042001.23696
0,1427.171728365,6923.67247375,14771.92239583,7260.6788696122,4246.8087089221,0.584905183824626,2014,NA,18035384.2101766
1,917.464655360003,13055.85560245,34146.482888955,14288.2693891726,11011.1922114398,0.770645619250708,2014,NA,121246353.917274
2,152048.228274135,484128.16002825,1153873.6093954,541243.696046692,324836.163887537,0.600166184401183,2014,NA,105518533369.171
3,705448.486647695,1200523.1964286,2159517.66364716,1280740.06702092,450517.920253521,0.351763743365547,2014,NA,202966396469.558
4,507950.007894155,746224.90475895,1096448.08703053,771003.378041591,181408.447508818,0.235288784297689,2014,NA,32909024827.5596
5,1927191.88916037,2708700.01403,3781285.13021361,2765078.1592268,583416.597127233,0.210994613363976,2014,NA,340374925803.52
6,457658.44527041,709310.0447478,1062574.0382693,724338.990029208,190902.892569985,0.263554627319298,2014,NA,36443914391.5871
7,724299.590275875,1099799.61011655,1609909.22355559,1122373.80583516,272069.375186918,0.242405314319031,2014,NA,74021744914.6
8,1806043.89023557,2627701.31959215,3748737.22996157,2680732.6343745,609859.891194684,0.227497469674735,2014,NA,371929086887.992
9,1594431.06272723,2281293.79650505,3150563.45136774,2300121.55224573,480761.056867233,0.209015500245124,2014,NA,231131193800.099
10,2045117.22718198,2766412.3808774,3874020.61543263,2851707.85443481,552084.384614541,0.193597806225477,2014,NA,304797167735.216
11,834928.177196465,1131370.6862321,1505446.23265434,1143350.18995605,198499.488585916,0.173612153415173,2014,NA,39402046968.8704
12,482335.313815555,709956.374434,992247.70047801,719511.163216899,151440.562882839,0.210477016375613,2014,NA,22934244086.2712
13,200241.1051116,338577.6114799,508227.9625941,346553.446651053,92872.536742884,0.267989072509205,2014,NA,8625308081.05833
14,16726.940573625,72900.8172461,126719.026361115,71398.21339512,32611.892030659,0.456760617386652,2014,NA,1063535501.81936
15,31714.976735785,216375.48983475,418079.21213579,200508.367409042,133459.974909985,0.66560800745898,2014,NA,17811564902.974
16,2646.657275825,9893.5016805,18965.826830685,10105.6762687014,5442.00192849266,0.538509426167475,2014,NA,29615384.9897178
17,0,822.9431304,18633.3831863,5220.7717818118,6909.8917915117,1.32353837330804,2014,NA,47746604.5704008
18,0,476.82607965,1500.721756325,516.0354820856,518.902434166188,1.00555572665081,2014,NA,269259.736183595
NA,0,605.4639854,16494.78494948,3793.267045423,7114.4221550602,1.87553949402127,2014,NA,50615002.6004114
2,41517.0673925,378736.22877585,993621.637309489,420053.962339191,320076.199205241,0.761988286987712,2015,NA,102448773297.673
3,173503.34438447,411896.8452924,810523.32491753,444437.779078888,205464.236702873,0.462301465750064,2015,NA,42215552563.8942
4,744216.04954652,1278632.5183006,1941692.7799931,1310219.01429923,358202.211559592,0.273391095420161,2015,NA,128308824366.183
5,709291.23144256,1124318.44867355,1643425.64412983,1147473.5301283,280679.162728968,0.24460621997754,2015,NA,78780792390.2347
6,2471266.03951558,3517869.9338844,4884949.84944712,3576566.81726766,704850.48124801,0.197074601778721,2015,NA,496814200915.551
7,805151.02770977,1303496.08012275,1918478.76736063,1324550.5838067,327068.523585407,0.246927922258301,2015,NA,106973819120.338
8,819351.42735091,1178961.7221705,1687827.97347892,1215292.94215058,267543.049987914,0.220146962685778,2015,NA,71579283596.8356
9,2383140.95991276,3088483.8893394,4082604.28233619,3143697.56917181,515577.652532866,0.164003578966628,2015,NA,265820315791.301
10,1935862.21980796,2520573.712137,3221121.2002396,2547299.61631315,414584.537498093,0.162754524376738,2015,NA,171880338732.508
11,3292947.87072414,4314912.81372165,5615966.19568186,4366108.25240292,715950.703147211,0.163979146131611,2015,NA,512585409336.985
12,471581.367081855,685827.87624005,941582.24453448,692407.266938471,153967.29610098,0.22236522268427,2015,NA,23705928268.6468
13,566551.47623073,788652.0456418,1087468.68572701,805530.258079841,161173.065429939,0.200083192174718,2015,NA,25976757020.0834
14,158412.317008095,278238.6157528,439521.37919767,284522.716637693,88558.1110125226,0.31125146019638,2015,NA,7842539026.10628
15,82919.975666165,163251.0743449,262603.65514989,166437.146824194,58358.0532217528,0.350631180210004,2015,NA,3405662375.83294
16,6296.730089705,18014.6153818,35448.6963935299,19237.3521581542,9796.51800398673,0.509244615550392,2015,NA,95971765.0024362
18,0,21929.0325855,58312.883861815,21823.597030547,21483.6674754281,0.984423761369721,2015,NA,461547968.194769
NA,0,602.756071,2316.8232596,730.8023159982,817.522518942279,1.11866437892391,2015,NA,668343.068977728
2,20421.817713665,70797.4134266,156276.84794058,77651.9241111892,41671.75336627,0.536648046307269,2016,NA,1736535028.61924
3,1529827.45553227,3545903.1369584,5889436.42295426,3635430.00725103,1364166.63921278,0.375242168462022,2016,NA,1860950619541.09
4,831467.55309508,1437878.71936605,2497508.41528158,1525518.0069178,503161.842751404,0.32983015635981,2016,NA,253171840000.989
5,1364830.21278583,2125461.08580365,3440874.23430887,2229837.01684821,652443.156707558,0.292596791504413,2016,NA,425682072734.522
6,1094841.31623137,1693065.71634375,2672559.17406364,1740942.61985504,476445.102967493,0.273670767510513,2016,NA,226999936141.705
7,1852862.14981493,2578394.3121842,3511193.19798418,2603243.57398113,511815.46306745,0.196606828566845,2016,NA,261955068234.948
8,544332.52108301,943523.98200665,1372500.58474296,951580.31720169,249810.6447906,0.262521870487209,2016,NA,62405358250.6952
9,814478.865521135,1083023.82261755,1414162.6757976,1093599.88938664,183308.740739254,0.167619567739774,2016,NA,33602094431.411
10,1342893.72098369,1792516.1843461,2313845.78729027,1811459.0326222,294989.740755858,0.16284648752384,2016,NA,87018947151.2081
11,1315402.38240131,1848334.08205935,2414961.60098507,1858432.82174505,329131.192783015,0.177101474388492,2016,NA,108327342062.77
12,2116433.90194017,2860728.3871703,3639231.87420092,2870425.7502676,452711.683106316,0.157715866039772,2016,NA,204947868020.953
13,649636.765522135,934954.39160755,1267239.20493296,940075.466779702,189919.641428494,0.202025952319634,2016,NA,36069470200.3278
14,261880.990590165,433117.40487195,633624.860452185,438978.355774904,110663.940544728,0.252094298247072,2016,NA,12246507736.887
15,29407.91327493,69268.85139765,118746.891474285,71102.418394002,27436.1325008827,0.385867782286251,2016,NA,752741366.605991
16,16473.541895915,56419.2954648,122853.308429785,61236.4251961042,33418.6093074036,0.545730897915473,2016,NA,1116803448.04088
17,0,1531.11723685,5823.984403005,1875.1175673408,2064.2952028433,1.10088841297071,2016,NA,4261314.68448188
NA,771.2181456,6683.69707485,30048.544188095,10268.1663061984,10844.5925491137,1.05613721337639,2016,NA,117605187.556293
1,0,8758.46546865,28275.600196505,10471.74244213,8918.21408950922,0.851645668215577,2017,NA,79534542.5463208
2,8392.91321924501,121622.56127005,241409.361495275,124549.990320038,64435.1902556297,0.517344000509837,2017,NA,4151893743.2792
3,169117.749375585,912311.9908396,1627076.17079426,948864.729285755,448554.103110674,0.472727133032247,2017,NA,201200783417.421
4,2396078.83011729,4337526.8534319,6572493.90479581,4395649.61661138,1275029.09605592,0.290066135216401,2017,NA,1625699195789.17
5,738302.797171915,1167098.91113405,1757626.66184588,1192490.1908655,321042.559048921,0.269220293389508,2017,NA,103068324720.68
6,1002903.55052052,1501789.9027418,1998102.95777646,1504372.73550729,313539.650140096,0.20841885972785,2017,NA,98307112209.9739
7,389540.090651715,813412.4252827,1329060.01865466,837206.424574963,283290.029707513,0.338375365252764,2017,NA,80253240931.6839
8,817983.02455516,1383022.03723115,2084962.73555479,1415777.35709538,394662.427535904,0.278760234127205,2017,NA,155758431708.533
9,187915.47478104,315140.6386513,479366.08156076,324620.244547709,92004.5722188358,0.283422164095234,2017,NA,8464841309.17097
10,419384.826355365,713696.4853596,1163947.82166451,743312.170667253,230147.009219958,0.3096236255803,2017,NA,52967645852.8914
11,661328.813304425,980395.13917375,1402413.3473946,1004222.06612666,228066.819422669,0.227107954620371,2017,NA,52014474121.5722
12,1032871.63150685,1723859.6177423,2563933.11670352,1751342.09464818,492552.837550097,0.281243075841812,2017,NA,242608297778.652
13,1452851.91900926,2200041.38005025,3194189.58610793,2235548.63458411,538832.854874994,0.241029359209283,2017,NA,290340845492.736
14,270140.164203475,496118.0513488,830412.811052185,515098.393896005,175577.768836494,0.34086258259998,2017,NA,30827552909.6013
15,101043.55601972,190481.76997295,338650.495321795,202017.684448082,75003.0994055148,0.371269968816964,2017,NA,5625464920.43353
16,3375.678507615,25314.6043515,62941.101833075,27557.5850925686,18496.6806428427,0.671201071527514,2017,NA,342127194.803312
18,0,10183.41257395,23461.821269565,9504.5077482822,8703.13664988159,0.915685154915524,2017,NA,75744587.5465121
NA,0,13253.6690739,50433.9970162999,16939.4857686294,17305.6512648868,1.021616092794,2017,NA,299485565.701877
2,107828.13024128,492260.3318786,1330082.76965437,580997.67767378,392032.942193162,0.674758191397249,2018,NA,153689827764.627
3,280173.475156165,981711.6564936,2555932.74553483,1130233.93977991,723391.301440183,0.640036788827142,2018,NA,523294974999.321
4,1173246.75148786,2017343.2900672,2776624.05634975,2033125.82013172,468594.19035014,0.230479680947528,2018,NA,219580515229.904
5,4013816.47878964,5512071.53254,6975007.01682588,5495745.9596413,893845.582378747,0.162643176912254,2018,NA,798959925138.001
6,706415.250948615,953832.78958765,1268463.78954145,966936.740632882,172754.711118162,0.178661854347463,2018,NA,29844190213.5196
7,999967.369114335,1399826.80443455,1880237.17655179,1408254.26666314,256414.811943652,0.182079911287062,2018,NA,65748555784.0982
8,375560.74261466,576033.46747365,823784.282785485,581967.030270916,141183.256942413,0.242596658571345,2018,NA,19932712040.8674
9,832218.76541755,1291728.69204575,1770089.21160093,1301456.49062711,293340.569266674,0.225394065325477,2018,NA,86048689577.6963
10,212243.213176855,349215.5089922,541366.585272295,357189.280676083,100143.637257879,0.280365740730875,2018,NA,10028748083.2376
11,436714.871414275,657553.30065165,950220.5801799,671954.374832666,153542.107221865,0.228500792572562,2018,NA,23575178690.1306
12,1037149.23485353,1559039.34155075,2175898.64433217,1570456.69751842,353188.450349568,0.224895376553625,2018,NA,124742081460.329
13,857533.21037472,1455189.8903659,2265136.40931067,1494808.75201282,443407.025322763,0.296631274553147,2018,NA,196609790105.582
14,970494.334151595,1486350.7528955,2158748.3492782,1528064.60545824,377920.818570941,0.247319921697689,2018,NA,142824145109.33
15,141872.34029821,267494.95767475,431022.262981115,277023.660061948,93297.0178461735,0.336783572295992,2018,NA,8704333538.98921
16,100086.19724707,181306.49077995,309720.285181855,191470.232630979,63917.6783362066,0.333825668136077,2018,NA,4085469603.89077
17,5309.470088515,33008.10940035,68080.438007775,34196.9238527482,18994.7707883639,0.555452615274849,2018,NA,360801317.302481
NA,0,492.4824639,2093.29973795,690.7467427946,1038.52384891541,1.50347990743146,2018,NA,1078531.78476608
1,0,2008.61959445,16082.088027915,4455.585867016,5686.61681753412,1.27628935616105,2019,NA,32337610.8294619
2,18273.344818265,135822.0634706,389405.129340939,162666.349168012,121578.614624358,0.747410974956992,2019,NA,14781359533.9783
3,993083.06483448,2536679.5015558,5698042.55412593,2813304.0937985,1455078.73401725,0.517213456314499,2019,NA,2117254122189.24
4,380207.307089405,665268.8024235,1081515.40790839,689335.946242878,221574.26840226,0.321431472723739,2019,NA,49095156417.9969
5,1477845.15947388,2143973.1897999,2954202.39384431,2183833.26754842,433437.121548368,0.198475372634536,2019,NA,187867738336.135
6,3477276.46242475,4721705.55674095,6038019.2466665,4736889.30891304,801837.177400355,0.169275050588917,2019,NA,642942859061.369
7,756763.918611285,1125224.0578783,1536123.06293745,1147086.93479317,244982.630241244,0.213569366724082,2019,NA,60016489119.9183
8,804405.441858175,1231885.0885738,1703996.64406626,1238702.2686153,283392.006878488,0.228781373909391,2019,NA,80311029562.617
9,602179.330794015,949744.762367,1354376.34942282,968017.468582313,228800.119061735,0.236359494004605,2019,NA,52349494482.6639
10,722653.060469225,1222223.276734,1768599.41025305,1234701.23844152,308428.2288963,0.24979988623451,2019,NA,95127972380.1085
11,484552.25870293,816511.39191125,1242262.63189655,835198.148028872,231956.272504586,0.277726037889355,2019,NA,53803712354.2215
12,374967.134746635,687520.4228895,1035826.97541333,684238.650330719,208047.447220651,0.304056847885009,2019,NA,43283740295.0296
13,695791.246274155,1347469.6624673,2167069.66785781,1390039.67437134,462613.462520662,0.33280594147781,2019,NA,214011215705.356
14,474176.891974435,942050.5941491,1455698.46590897,952748.359167695,296520.32482114,0.311226277083464,2019,NA,87924303032.0346
15,343509.41566142,629973.14959945,1063910.77415499,656615.6304851,225614.794732785,0.343602534356521,2019,NA,50902035602.3168
16,64530.083983015,138887.02825045,234348.714663165,142574.6568308,52511.6689827119,0.36830997983765,2019,NA,2757475379.34991
17,0,3055.7786606,12657.93234298,4281.4038523448,5228.94193537816,1.22131481068165,2019,NA,27341833.7635563
NA,508.173609875,8571.0631093,24630.066232225,9702.4356812222,7743.01243724438,0.798048314015621,2019,NA,59954241.6033211
