"3" "4" "5" "6" "7" "8" "9" "10" "11" "12"
"1988" 0.102369981183771 0.113769026320542 0.023556486795803 0.20080131070298 0.304672913065148 0.477088671195317 0.286912395289852 0.361011044384865 0.277721827702016 1
"1989" 0.401158784066691 0.107754816819944 0.197754666910233 0.0331196514842223 0.182864303153473 0.461068331411472 0.539429124679067 0.237169536284835 1 0.252733067661615
"1990" 1 1 1 1 1 1 1 1 1 1
"1991" 1 1 1 1 1 1 1 1 1 1
"1992" 1 1 1 1 1 1 1 1 1 1
"1993" 1 1 1 1 1 1 1 1 1 1
"1994" 0.188558285270959 0.259468744294357 0.0695626266077754 0.0911837434330445 0.21595546803745 0.421921167373088 0.155343019862003 0.272092256196887 0.0481518160607317 0.600862969305625
"1995" 0.0982960278833601 0.0307956191678524 0.0369468404193582 0.0463935045504713 0.115028362802825 0.391957047946878 1 0.160743064653933 0.212139184247806 0.0432404041242455
"1996" 0.157726398124826 0.0475715095203621 0.0237621692037702 0.0424912580505176 0.0682063475161263 0.11120803021777 1 1 0.172277554133904 0.048252765167228
"1997" 1 1 1 1 1 1 1 1 1 1
"1998" 0.108663607111216 0.064920388673355 0.0379621072909123 0.0186119827625359 0.0233492208404361 0.0472833132506887 0.0828715072347331 0.138941737939815 0.297153884787362 0.0489780168587024
"1999" 0.0519014959752963 0.101863455350049 0.0555121616645888 0.0408056331150221 0.021917028597545 0.0252727164669476 0.0509779190251629 0.0898739901072858 0.170381151785457 0.0753532194371876
"2000" 0.0778038812932985 0.0406248656185933 0.185237767778731 0.0907406423988141 0.0605478302908556 0.0323535341363192 0.0388962046776131 0.0857451112057323 0.259468744294357 0.1274516637681
"2001" 1 1 1 1 1 1 1 1 1 1
"2002" 1 1 1 1 1 1 1 1 1 1
"2003" 1 1 1 1 1 1 1 1 1 1
"2004" 1 1 1 1 1 1 1 1 1 1
"2005" 0.119286698651932 0.0783576756669273 0.0453108257900624 0.0274848050645175 0.0233367952693709 0.0784698965561896 0.0933115572426851 0.142712365872795 0.177677011135303 0.0432675874098855
"2006" 0.189418046491866 0.0270374324695062 0.091362861049928 0.0673108525250581 0.0363728591579249 0.0363781979263306 0.171638097640054 0.224288095178711 0.342374837870992 0.0936005416488313
"2007" 0.103144575891392 0.0515569341109865 0.0192800152475893 0.080700691964992 0.0792695337108583 0.0390411393454395 0.0365503117782161 0.162857314026544 0.130314869870391 0.0635522493420375
"2008" 0.219997243606393 0.0419443982279681 0.0400252101723882 0.0222624316180396 0.087030065674166 0.091543067796468 0.0514795962548108 0.0514641712482866 0.154879683012147 0.0946842661259009
"2009" 1 1 1 1 1 1 1 1 1 1
"2010" 1 1 1 1 1 1 1 1 1 1
"2011" 1 1 1 1 1 1 1 1 1 1
"2012" 1 1 1 1 1 1 1 1 1 1
"2013" 1 1 1 1 1 1 1 1 1 1
"2014" 1 1 1 1 1 1 1 1 1 1
"2015" 0.0881340197500674 0.0396795292848835 0.0730349456983364 0.0367414377387791 0.102115748180938 0.0790385119361381 0.0388700290266471 0.0753036239676707 0.0248077565715999 0.0428036703678767
"2016" 0.131684107397718 0.12293437580726 0.086342468578944 0.0988638867999729 0.0433403322992515 0.12548772650122 0.0841657724946431 0.0393767683465265 0.0773156207081959 0.02854555719448
"2017" 0.192073165253022 0.0621585903825744 0.0781347066328192 0.0689119356989563 0.0980716864198254 0.0553187930727109 0.145284600889373 0.128213128549417 0.0473548614756118 0.0345250344987482
"2018" 0.158712238761543 0.0489119023706337 0.0394586391792741 0.0907406423988141 0.0706360172272518 0.080700691964992 0.062021589376107 0.0927417468822317 0.101989360803258 0.0358405557013724
"2019" 0.104341196881107 0.112895180596951 0.0663831110131399 0.034575221342666 0.0716766577436275 0.0678797710730887 0.0793858262765242 0.0634056309996979 0.0743323143707252 0.0307731594822765
