"age","CI5p","median","CI95p","mean","SE","RSE","year","n","v","i"
2,1304.397106285,77951.85381675,300079.06388839,99436.9463323672,110250.406279372,1.10874690289524,2018,163,12155152084.7667,NA
3,74809.91537086,142936.31183615,239705.218607725,147348.427891746,49346.982512509,0.334899959358665,2018,163,2435124683.08986,0.145
4,1031954.54860661,1682188.4589592,2500050.27865464,1719017.20096037,441689.23752118,0.256942884151724,2018,163,195089382542.042,1.779
5,2057780.30640158,2730504.21605645,3778564.35027798,2785499.74580341,522302.728322874,0.187507727871728,2018,163,272800140013.518,2.78
6,345614.248409545,456215.60628405,584719.25998707,459846.783977871,72741.8124487251,0.158187063568168,2018,163,5291371278.3255,0.485
7,678531.785026245,847531.9273549,1018441.38716718,848334.597521272,107507.615698534,0.126727845372166,2018,163,11557887433.1837,0.824
8,458681.48117171,633830.61954755,838176.63497376,638128.75116384,125149.651248331,0.19611975016026,2018,163,15662435207.5789,0.622
9,910357.14745372,1088440.65423895,1308819.75921713,1098044.13618562,122688.647536903,0.111733803308762,2018,163,15052504234.4344,1.083
10,346803.736785285,441186.23018925,555090.68858475,443362.575995309,63890.4435532769,0.144104277204382,2018,163,4081988777.43446,0.463
11,279440.153099875,371581.6653982,461454.313824295,371507.716742032,57777.1953387626,0.155520848518153,2018,163,3338204301.21354,0.378
12,951452.997988265,1159081.386575,1369854.33052117,1159939.2227138,123538.852349217,0.106504590870015,2018,163,15261848039.7616,NA
13,256838.29043425,368936.281474,494466.71690158,370955.071741258,72317.1738740484,0.194948605324609,2018,163,5229773637.12935,NA
14,1253120.74152247,1535615.6156311,1840693.35347484,1540314.55474885,175083.894762185,0.113667623423018,2018,163,30654370205.0959,NA
15,26701.797148875,50786.62965475,79646.85707787,51699.8417598268,16625.800293453,0.321583194987108,2018,163,276417235.397782,NA
16,206099.451211685,274526.01522605,350538.050947085,276527.344537011,43086.0595520289,0.155811207836129,2018,163,1856408527.72098,NA
17,0,3525.3807859,9447.951024445,3519.5134085332,3282.96568154354,0.932789650291958,2018,163,10777863.6661926,NA
18,239.3073826,9480.71493655,22864.444637555,10358.3837307784,6885.8151205863,0.664757678374679,2018,163,47414449.8748949,NA
19,0,0,0,0,0,NA,2018,163,0,NA
20,0,11640.32625425,31163.234282,13246.6175165902,10042.995256315,0.758155449399594,2018,163,100861753.718365,NA
2,0,8164.77357645,30354.294843,10514.3790606574,11192.081896051,1.06445486048048,2017,94,125262697.167913,NA
3,39236.71222318,88942.69798725,154735.42171639,91520.4652772478,36567.0527028377,0.399550555081459,2017,94,1337149343.37211,0.095
4,696561.22051389,1075913.1671853,1618754.32574854,1106916.35480684,273758.486832149,0.247316326697441,2017,94,74943709112.6278,1.078
5,468982.68478342,641568.2666369,892303.338812945,653163.979521199,128506.439543749,0.196744529050654,2017,94,16513905004.2113,0.666
6,644285.0987251,882540.52515825,1192475.46442094,895013.226630303,167126.180810082,0.186730403347565,2017,94,27931160312.1644,0.868
7,310594.27250905,415040.5295427,546250.91540022,420660.039867172,71172.568245212,0.16919260566724,2017,94,5065534470.61936,0.411
8,969854.957855025,1332343.83349615,1789895.25743138,1353708.4197083,249617.633388519,0.184395420575361,2017,94,62308962898.4851,1.376
9,126417.64364486,176418.5984087,240856.197310155,178881.049494364,34869.8975716206,0.194933435767433,2017,94,1215909756.65531,0.176
10,132720.92331279,202045.4629164,293228.669563335,205377.215960236,48257.6539128981,0.234970825207026,2017,94,2328801161.17705,0.231
11,1581278.31913019,2016511.057146,2544384.2972184,2032523.9649913,298756.893223676,0.146988128243277,2017,94,89255681248.6629,1.903
12,219869.25480429,298837.3859294,409378.07528232,304481.319609453,57312.5141582057,0.188229984787633,2017,94,3284724279.13453,NA
13,1963195.8802599,2514219.26445145,3234228.25567403,2552465.30567684,388111.216144503,0.15205347366772,2017,94,150630316097.165,NA
14,46421.014936505,80598.884515,130076.312545825,82428.627529233,26094.2388120416,0.316567673079203,2017,94,680909299.179859,NA
15,504976.67219413,657221.6033576,845351.0554278,659082.360498979,105262.485922612,0.159710670822565,2017,94,11080190942.608,NA
16,11.6468198,9564.6133642,28644.469313495,11365.5974287466,9260.3855441836,0.814773319417565,2017,94,85754740.4269247,NA
17,10140.106755875,34117.3911306,75937.07992893,37351.5833103472,19367.1763870464,0.51851018539504,2017,94,375087521.206968,NA
18,0,10282.847032,30025.704900125,11006.0381712808,11178.3577943499,1.01565682586117,2017,94,124955682.978503,NA
19,0,3396.83325225,11545.18262584,4248.3619676336,3930.43023493408,0.925163690118285,2017,94,15448281.831684,NA
20,0,5138.4272163,16142.95279862,5763.8367456008,5657.99282745327,0.981636551689581,2017,94,32012882.8355126,NA
2,3548.801,15004.1006,35164.889,16363.1279,10447.226,0.63846142765895,2016,NA,109144531.095076,NA
3,56691.3,172370.2806,471135.226,212563.899,143199.8394,0.673679021102262,2016,NA,20506194004.1858,0.218
4,61188.16,209325.8787,523933.917,243798.3958,156006.9309,0.639901384043479,2016,NA,24338162488.8374,0.253
5,256377.8,567301.1089,1000132.589,590626.8777,230681.2478,0.390570183155754,2016,NA,53213838086.565,0.539
6,112120.7,341917.1889,722879.083,379602.5931,192164.8768,0.506226459705393,2016,NA,36927339875.5592,0.404
7,615536.9,2131947.0491,3926367.785,2234457.5334,976706.457,0.437111219345405,2016,NA,953955503145.493,2.288
8,69942.31,236606.5585,517414.599,260989.6606,133574.2641,0.511799064349601,2016,NA,17842084029.8565,0.242
9,203753.2,501828.1021,938143.649,520402.8477,219212.6731,0.421236497972376,2016,NA,48054196047.6475,0.569
10,827258.4,2953285.9372,5264752.617,3036367.3599,1349362.7208,0.444400351097319,2016,NA,1820779752284.78,2.792
11,271289.9,649161.7035,1134799.203,671217.0121,262665.9006,0.391327835655136,2016,NA,68993375338.0091,0.681
12,1457288,3996567.9221,7040927.201,4135694.6159,1634776.9335,0.395284730940958,2016,NA,2672495622303.66,NA
13,89025.05,196362.366,375911.717,211725.9171,93839.0362,0.443209964492344,2016,NA,8805764714.94491,NA
14,326283.6,834742.1706,1490652.773,866555.0845,347051.4231,0.400495512988938,2016,NA,120444690275.735,NA
15,1522.558,18230.6543,39919.06,18163.4709,13731.1363,0.755975351605293,2016,NA,188544104.089178,NA
16,15720,64207.8915,157293.718,73154.5468,47556.1172,0.65007739477924,2016,NA,2261584283.14014,NA
17,1047.37,8910.114,21991.848,9671.3926,7288.4243,0.753606497165672,2016,NA,53121128.7768305,NA
18,0,358.6581,1552.821,488.6817,583.3458,1.19371320841357,2016,NA,340292.32237764,NA
2,24889.464591205,192449.63341765,466911.030918469,208064.98938553,150057.382417361,0.721204383594375,2015,67,22517218017.9502,NA
3,126735.1981768,332641.3994741,651790.18032979,351505.699963826,167316.961396794,0.476000706145059,2015,67,27994965571.0564,0.516
4,1158298.12202151,2230816.6264765,4298537.26501287,2430255.22441166,1002965.05800591,0.412699476141941,2015,67,1005938907580.79,2.748
5,373611.336754575,592188.49140185,905971.89592476,613405.726437168,167694.868657702,0.273383278685253,2015,67,28121568974.124,0.768
6,1822426.66930347,2511001.43794825,3597622.88605619,2586269.35160196,527378.322967449,0.203914693819801,2015,67,278127895535.959,3.223
7,199267.7849136,318751.06038655,477458.40170116,326603.329917462,87839.4881347195,0.268948538145395,2015,67,7715775675.76953,0.377
8,409813.69042884,704165.11376145,1064167.89199515,714152.452296704,202180.323910798,0.28310527151533,2015,67,40876883376.675,0.65
9,2130414.61089473,2867557.2674365,3789750.61870247,2886573.17074555,491287.128706907,0.170197358475419,2015,67,241363042833.077,2.868
10,539576.815586145,791684.1480062,1128766.27866713,810350.560696944,179361.628791839,0.221338316391832,2015,67,32170593882.8615,0.72
11,6114204.07775747,7542258.27189305,9252464.21945844,7564117.84831205,921844.715799614,0.121870750071051,2015,67,849797680047.671,7.251
12,218231.1850911,354699.8150705,560526.633570815,366197.967853291,102841.386786081,0.280835492859102,2015,67,10576350836.0842,NA
13,1487598.85630232,1979948.91119,2517066.39086088,1979518.37784111,318642.87290425,0.160969898774957,2015,67,101533280452.674,NA
14,0,44131.74856305,104902.399759945,47840.9458422526,32449.1748149294,0.678272016651281,2015,67,1052948946.16985,NA
15,144239.01143301,305133.2547529,472631.798702445,311075.203784649,97460.9983872123,0.313303655198061,2015,67,9498646206.63219,NA
16,0,13220.8451505,29699.8271921449,12264.2214650202,10519.9634716976,0.857776704514224,2015,67,110669631.445853,NA
2,0,20163.8201175,53717.95556648,20948.1125065302,18415.701892899,0.879110320185565,2008,24,339138076.208124,NA
3,0,0,35928.541864,8239.6072550234,13201.8175084692,1.60223868685252,2008,24,174287985.526923,0.07
4,498476.354786495,1663826.92320685,3753009.91199371,1842733.33667725,1071513.43649747,0.581480464465673,2008,24,1148141044594.61,2.449
5,1281263.73126463,2239698.91259905,3522317.62256577,2300682.77377063,691346.646166223,0.300496293556005,2008,24,477960185165.285,2.699
6,4987512.8042123,8337984.02720665,11691979.6884737,8277185.67707308,1996403.98715985,0.241193572918109,2008,24,3985628879947.76,9.06
7,313021.504299825,574934.90431075,884018.814159155,581268.879563854,183139.153630825,0.31506788006308,2008,24,33539949592.6151,0.53
8,194141.384542805,431940.76309905,721652.042830705,444908.514053457,170321.019038068,0.382822566118848,2008,24,29009249526.166,0.476
9,951033.016235815,1682033.56636705,2544645.87658554,1682989.34794996,469717.547186379,0.279097159918772,2008,24,220634574134.789,1.599
10,868439.70464072,1578190.00890415,2549497.82173923,1622225.46433717,525827.739498952,0.32413973954835,2008,24,276494811626.578,1.6
11,67681.176361625,168950.5583287,312112.564246465,175502.220852603,75060.8760229357,0.427691887078605,2008,24,5634135109.33053,0.153
12,25372.285333725,76015.00279695,154201.82478494,81331.2112278446,43052.378356552,0.529346332196422,2008,24,1853507282.15571,NA
13,0,47168.69809095,107605.07072019,45564.3318754748,38482.114988211,0.844566646853966,2008,24,1480873173.9659,NA
14,30692.40198076,100968.4460371,252042.69838439,116433.838520274,73011.0802038583,0.627060664938442,2008,24,5330617832.53423,NA
15,0,84567.46918015,259568.897144935,101077.659604554,79804.0060276801,0.789531597188712,2008,24,6368679378.06601,NA
16,22802.68385135,65377.01452295,152593.227005485,74997.7596502882,41288.005196473,0.5505231808123,2008,24,1704699373.10398,NA
2,0,11128.8425658,41551.80236788,13520.9605063526,15067.2653351858,1.11436353416658,2007,29,227022484.680892,NA
3,16952.92459941,268040.9641889,813948.928461405,299108.30820331,273103.496629543,0.913058879139891,2007,29,74585519871.2829,0.369
4,956258.12624597,1481287.17566495,2162971.31303155,1514263.88250407,365462.100346732,0.241346375997811,2007,29,133562546789.845,1.594
5,8293026.75531161,10913104.1297921,14008211.8589719,11034177.4202602,1743836.03557787,0.158039513881294,2007,29,3040964118979.93,12.175
6,392435.755640275,592677.3018333,1000253.7363513,624238.306816653,186795.97173894,0.29923823914543,2007,29,34892735057.8948,0.622
7,390710.32941283,567023.89461495,794676.771982635,575930.443086114,131222.230107746,0.227843885807796,2007,29,17219273674.4503,0.646
8,1813772.50619414,2465426.33920585,3335478.49852453,2510508.89811529,457719.783301843,0.182321514034651,2007,29,209507400025.886,2.842
9,1971241.3258627,2726604.6186317,3690365.32121024,2752261.80051681,515569.937814644,0.1873259069024,2007,29,265812360778.196,3.258
10,47283.750691755,142606.47780475,265015.31312843,146580.708486295,68261.1876730934,0.465690119648151,2007,29,4659589742.54128,0.137
11,124542.17496297,238619.44498315,384756.968167815,243266.987263718,80827.3222213927,0.332257669363786,2007,29,6533056017.48085,0.223
12,11623.240583055,39640.65084755,84726.0819837649,42992.099967438,25119.4790784129,0.584281277198329,2007,29,630988229.170825,NA
13,95392.54133149,212665.333978,382710.94418178,221403.776483951,90720.1457849048,0.409749766808882,2007,29,8230144851.23439,NA
14,156737.339957685,307642.44123365,513027.0457763,319780.39974162,111712.17272275,0.349340274804248,2007,29,12479609534.4375,NA
15,213579.527272585,414956.6850545,655468.730978349,420506.586864262,135655.887169255,0.322601099261839,2007,29,18402519723.6777,NA
16,12636.47929461,59967.40080445,120966.53214159,63910.802693409,34582.0956224906,0.541099378588418,2007,29,1195921337.64308,NA
3,0,40368.0018355,114990.798775085,50432.2247320788,37636.508733045,0.746278970102727,2006,28,1416506789.61258,0.098
4,3438319.41602713,4596928.04902865,6000014.41378526,4669114.03202547,804557.832500767,0.172314881791771,2006,28,647313305838.333,6.073
5,236441.625057595,444979.07637665,637944.162036295,444170.599411221,124870.713526777,0.281132325490029,2006,28,15592695096.6863,0.478
6,486251.703157625,716410.9614415,998012.93544563,724598.908415453,155809.023028901,0.215027957148904,2006,28,24276451657.2206,0.912
7,2065954.68758549,2812826.50735955,3718777.84221272,2835683.96677073,506911.067849592,0.178761481811692,2006,28,256958830708.413,3.291
8,2313306.9567765,2994786.7765534,3889586.31981785,3025641.95187547,490971.11006903,0.16227006297447,2006,28,241052630922.416,3.29
9,71955.57067776,129378.5744072,198912.945119695,130279.489929509,38704.4192906997,0.297087586938218,2006,28,1498032072.63029,0.122
10,22752.49484714,62582.04484355,121901.33002112,65563.0076850066,30094.7195251596,0.459019812967517,2006,28,905692143.298022,0.067
11,0,10576.1825797,46247.52940288,13783.4662602602,15043.3526463055,1.09140562774675,2006,28,226302458.841105,0.025
12,30276.513029645,92304.0321551,174072.546634775,96396.9521844558,41991.6820648977,0.435612134132068,2006,28,1763301362.63945,NA
13,10309.251984435,61749.1721502,118634.105349975,61594.5514781196,31629.7936898239,0.513516097297338,2006,28,1000443848.86083,NA
14,47031.09858871,139518.4559059,217435.16658158,137886.884017261,49790.0619817369,0.361093532112191,2006,28,2479050272.1452,NA
15,9284.49831182,40986.0964472,75078.77674126,41787.5394402088,20840.8501050315,0.498733602988312,2006,28,434341033.100393,NA
2,0,50232.666963,151947.3581276,57397.687581725,53856.6021684712,0.938306131092617,2005,29,2900533597.13297,NA
3,53118.641890665,147652.31245215,293680.403130075,159014.27430682,78452.817093254,0.493369651468384,2005,29,6154844509.86757,0.27
4,247323.09057916,598875.57021875,1148037.03642846,619024.504994484,285042.61510022,0.460470648254483,2005,29,81249292423.1724,0.662
5,1034178.40112822,1437446.23938615,2054891.0588865,1471092.74367048,308202.357564892,0.209505728915436,2005,29,94988693208.5575,2.086
6,2810707.50121866,3661989.7769293,4618293.04817896,3685598.61646559,562356.588538487,0.152582157488917,2005,29,316244932672.645,5.871
7,4423151.93493987,5647722.7425408,7080093.90643017,5715829.78760745,826682.646780975,0.144630382201603,2005,29,683404198488.798,8.223
8,297921.46227434,458505.6496601,642208.18285983,461267.80300075,113050.886404833,0.245087312986919,2005,29,12780502916.9186,0.66
9,197371.86160966,314081.35931545,726072.476577295,372166.472280552,163080.159580872,0.438191432402692,2005,29,26595138448.9226,0.457
10,34549.24982383,119138.1608358,256473.836327,131322.111565914,67126.9126806087,0.511162300698431,2005,29,4506022406.03007,0.183
11,15301.91827831,66370.78903195,139743.256550525,71492.329108063,39156.8026879207,0.547706350827288,2005,29,1533255196.74075,0.113
12,204641.541699865,354815.65568815,537883.963090025,360604.719218782,100959.480716472,0.279972710660003,2005,29,10192816746.5396,NA
13,346106.81071066,651669.19148285,1041971.01862324,679627.728552507,220067.466040202,0.323805896661852,2005,29,48429689609.3556,NA
14,200124.10846491,336488.04407405,551364.756704025,348221.870076935,104552.761407286,0.300247544429609,2005,29,10931279917.8889,NA
2,200168.421395505,903337.10456575,2188746.71879792,1017520.26273177,599484.46212025,0.589162185832833,2000,84,359381620323.605,NA
3,123880.359271435,429248.45214365,1061368.00005167,492885.505849137,299914.46454135,0.608487084692541,2000,84,89948686041.1244,0.672
4,1072037.79566007,1850618.42470005,3129388.37554358,1939784.16631949,609399.077514408,0.314158187336208,2000,84,371367235675.412,2.617
5,34265.831498295,75529.2152417,126696.316744355,77211.528159301,28083.9364668967,0.363727245612268,2000,84,788707487.476688,0.103
6,252827.81193203,356143.05266925,505961.86176758,364578.115692156,78494.2440451949,0.215301579186048,2000,84,6161346348.22662,0.485
7,651502.21138156,888663.05108825,1146765.61157086,889357.910203246,150433.328813485,0.169148244016975,2000,84,22630186417.9062,1.139
8,2299465.69234025,3230125.79528655,4272065.46747906,3259740.90622979,615667.953079451,0.18887021109648,2000,84,379047028449.041,4.193
9,1697014.81788689,2213432.66596395,3089951.7661535,2269956.63459683,417461.851118143,0.183907412483362,2000,84,174274397138.987,2.864
10,282326.635861215,391196.73588445,549185.363981455,401006.316848046,81661.0871545177,0.203640400970197,2000,84,6668533155.25773,0.547
11,19752.774934645,43123.51101385,79824.441249035,45150.4538836586,18474.9133743166,0.409185551532258,2000,84,341322424.188504,0.048
12,0,1793.4904505,6257.50978140999,2137.1330291906,2515.81150926154,1.17718994320833,2000,84,6329307.55013281,NA
13,0,0,0,0,0,NA,2000,84,0,NA
14,0,6328.23618415,21285.294763085,7467.6458399506,7334.64217314916,0.982189344587032,2000,84,53796975.8081382,NA
15,32325.72147177,81425.13926305,144165.41924831,83923.606761206,33750.759306955,0.402160495830316,2000,84,1139113753.79601,NA
16,0,0,0,0,0,NA,2000,84,0,NA
17,30269.19635359,87958.16937785,177656.82871556,93504.3431346342,44891.3549426891,0.480099142325949,2000,84,2015233748.5905,NA
2,38680.54036717,77703.27702335,130895.70836083,80214.7918201794,29304.7741086957,0.365328805868989,1999,118,858769785.561683,NA
3,596809.44921511,1099892.93711735,1765270.77548666,1127970.41147289,354564.421863337,0.314338406625712,1999,118,125715929251.282,1.572
4,160278.2465749,239179.36140875,364784.80200827,248412.241101687,63537.6743697989,0.255775134462032,1999,118,4037036064.3226,0.379
5,602992.54198949,795187.46798945,1023806.36313077,802792.164767801,128535.779653975,0.160110904534242,1999,118,16521446651.2552,1.366
6,1141426.43264507,1476613.3423699,1954915.67979498,1501429.30895969,243091.276368417,0.16190657456717,1999,118,59093368646.4263,2.593
7,3942464.43557729,4702715.9459529,5591634.09171082,4734215.725222,509550.711002064,0.107631493910888,1999,118,259641927082.709,9.356
8,3129967.40926626,3809030.73754655,4565975.47759537,3829416.20406271,444041.977902163,0.115955528007394,1999,118,197173278139.265,6.979
9,749630.114108155,905999.3112878,1104435.79107203,914332.685944739,109323.799344236,0.119566762760183,1999,118,11951693103.0587,1.632
10,222657.829692655,286082.39120335,363894.82313145,289692.850196084,44058.3217654439,0.152086327762739,1999,118,1941135716.78738,0.495
11,39046.87856399,67697.890959,102283.959528845,68171.8056006808,19146.5300274669,0.280857017923487,1999,118,366589612.09269,0.124
12,0,60.3535283,162.855986235,61.1469788064,54.0526632204345,0.883979295061706,1999,118,2921.69040122172,NA
13,0,0,0,0,0,NA,1999,118,0,NA
14,116062.021085965,167986.5967473,234868.050665815,170533.117569811,37360.1992697354,0.219078849915714,1999,118,1395784489.47434,NA
15,0,0,0,0,0,NA,1999,118,0,NA
16,154240.288306115,207885.02366075,281681.506913735,212389.181424747,40145.6439977581,0.189019251020478,1999,118,1611672731.99473,NA
2,0,25992.06989005,78947.725694195,30622.2018282414,25705.7512192234,0.83944816781647,1998,108,660785645.744605,NA
3,1204.300163045,133572.2202373,318791.68047268,136436.531731591,102429.17250421,0.750745941752002,1998,108,10491735379.8972,0.33
4,305173.17156709,584594.42367855,1026668.51138544,607988.085423099,219314.448643103,0.360721622514169,1998,108,48098827383.6283,0.984
5,1020332.54262587,1625980.7431545,2436127.54814913,1673856.60684254,447784.526337563,0.267516658539966,1998,108,200510982027.356,3.012
6,3933512.91195492,6217197.00371775,9295254.55152818,6354754.62639464,1643521.72360463,0.258628667860474,1998,108,2701163655960.34,13.089
7,3116262.08115196,4511066.43305045,6323976.63250847,4585721.11083476,972664.475717917,0.21210720238084,1998,108,946076182323.61,8.214
8,716370.28033908,1060279.55750415,1509967.66918867,1080134.56182685,245361.113374581,0.227157913509959,1998,108,60202075956.4141,1.909
9,261706.07158138,392867.8311365,559335.3745038,398175.449325516,92091.7100470251,0.231284249702041,1998,108,8480883059.38534,0.588
10,68489.12226051,119724.2378198,198788.27198942,125015.466341228,39982.0987330872,0.319817218646825,1998,108,1598568219.10233,0.194
11,0,19081.27456985,42333.923926515,18424.9451938924,15403.1907482469,0.835996557175803,1998,108,237258285.226879,0.035
12,0,0,0,0,0,NA,1998,108,0,NA
13,107109.194778335,173340.1030936,265313.62966276,177612.207850566,49991.3598741458,0.281463534962675,1998,108,2499136062.06636,NA
14,0,0,0,0,0,NA,1998,108,0,NA
15,387819.243327335,632946.7256907,983830.362078055,652867.373882401,183835.620569871,0.281581877000005,1998,108,33795535390.3095,NA
16,0,0,0,0,0,NA,1998,108,0,NA
17,0,6052.0442903,19878.11467298,6499.4966878048,6829.90256474141,1.0508356097106,1998,108,46647569.0438613,NA
2,17875.569369155,45918.67287455,92761.24012795,48774.1626777468,24247.6671513109,0.497141638525225,1996,64,587949362.280764,NA
3,34448.764630735,76711.96399295,153527.29701608,82917.631754479,38639.3524775079,0.465996817081317,1996,64,1492999559.8811,0.147
4,709666.710454375,1084536.40189495,1567141.42596703,1106249.07709039,259017.119841666,0.234139964684013,1996,64,67089868371.0719,1.885
5,3441348.80504398,4624961.33144945,6247117.61678282,4705586.29291496,855430.662682395,0.181790452758329,1996,64,731761618657.242,7.923
6,1311961.33578708,1650345.47179315,2004917.17623966,1651525.62395945,211274.027142064,0.127926581384517,1996,64,44636714544.8256,2.384
7,410824.352030695,609957.23168245,814922.09136474,612489.84389699,126136.670968438,0.205940836775168,1996,64,15910459763.0001,0.887
8,104094.266389515,178448.13672305,257347.9648815,178087.902352003,48787.3751804707,0.273951091209099,1996,64,2380207977.00001,0.314
9,0,0,0,0,0,NA,1996,64,0,NA
10,0,344.44898,1043.79143075,372.9889766178,388.135038148549,1.04060726316389,1996,64,150648.807838576,NA
11,29457.61040187,104756.4417517,179286.730207075,101252.070614847,49156.5910818983,0.48548726740498,1996,64,2416370446.79296,0.121
12,0,0,0,0,0,NA,1996,64,0,NA
13,799379.260402365,1285775.4886945,1813735.09532364,1292249.75100601,309870.665938145,0.239791623636927,1996,64,96019829608.9492,NA
1,0,524138.19287625,1745715.05912019,597588.077036838,625077.292242636,1.0460002738711,1995,59,390721621277.385,NA
2,0,0,0,0,0,NA,1995,59,0,NA
3,166046.599778975,280319.92457715,478427.466540395,296313.494355056,95363.7745574973,0.321834058772997,1995,59,9094249497.85316,0.409
4,2523137.56138315,3461744.67188365,4782193.57643169,3527647.19835716,688769.253489152,0.195248905222131,1995,59,474403084552.003,4.643
5,2280974.4294696,2835084.32306975,3508281.00899197,2856641.64871462,385979.888560204,0.135116663559771,1995,59,148980474372.947,3.186
6,1471456.05372697,1922214.36876445,2445126.86365684,1940423.69316168,289504.653723335,0.149196618626947,1995,59,83812944527.468,1.986
7,165366.19111336,245037.11218095,353996.77194745,252334.985309617,57912.2814406762,0.229505557343217,1995,59,3353832341.66409,0.292
8,0,11817.01448365,24222.118823895,12985.5643773184,7139.00356444755,0.549764596825464,1995,59,50965371.8931949,0.018
9,0,0,0,0,0,NA,1995,59,0,NA
10,56768.86989487,96535.67307765,147184.205983095,99095.6561609932,28485.7523409176,0.28745712420168,1995,59,811438086.428092,0.141
11,23575.366317215,55220.73854125,92172.62953306,56240.8834596072,27602.12078876,0.490783911824289,1995,59,761877072.037296,0.076
12,1843175.36184797,2361290.8328262,2981578.43481919,2380300.25838701,358273.828503257,0.150516233084829,1995,59,128360136190.381,NA
2,0,18710.7726561,43784.07485143,20118.472119475,13987.2576477726,0.695244527750828,1994,35,195643376.505173,NA
3,22514.610223655,64807.44625555,118246.689483175,66066.9826319354,29527.1899273493,0.446928083455056,1994,35,871854945.005761,0.099
4,17096.91632812,34456.25474675,56083.205362905,35165.4996157204,11869.1195500105,0.337521709622022,1994,35,140875998.892441,0.048
5,553364.07898854,772541.47570335,1035590.55090043,787381.207328154,144883.078929383,0.184006269874054,1994,35,20991106560.0577,0.851
6,318107.78939044,482343.06495925,667475.42980091,485090.745106849,106735.02619768,0.220031050425772,1994,35,11392365817.4195,0.48
7,29874.26023358,59448.6781901,90481.319323995,60178.7456228306,18335.2222553627,0.30467936919587,1994,35,336180375.153549,0.073
8,0,12434.69008305,26022.865293465,13013.4280616736,7548.06172241875,0.580021012652989,1994,35,56973235.765443,0.015
9,102404.713701425,151897.70844335,219692.017830965,155048.532377539,36769.3738471277,0.237147512996738,1994,35,1351986853.10984,0.152
10,29780.87793411,48082.102187,78658.275337875,50328.1340852588,15484.5275799458,0.307671402117037,1994,35,239770594.374103,0.043
11,1469662.31371133,1877199.25401865,2402585.57479731,1894646.59218487,295891.216155802,0.156172247307919,1994,35,87551611798.1593,1.838
12,0,3377.69328035,8357.739296555,3175.267776466,3334.27994202145,1.05007834826845,1994,35,11117422.7317666,NA
13,0,4502.3321013,10030.38903021,4039.6910050182,3606.41305146768,0.892744778496105,1994,35,13006215.0977964,NA
1,0,433.9232107,1739.907401125,567.6593160302,620.616968231418,1.09329125886908,1989,31,385165.421256757,NA
2,37299.20949743,129547.1638794,304553.92851456,143957.681252271,84620.7075704999,0.587816550213884,1989,31,7160664149.73205,NA
3,0,8705.38240075,22844.401725645,9396.7949509336,7550.98062944068,0.803569798944104,1989,31,57017308.4661884,0.017
4,126730.5782313,264448.4870789,480143.933735525,281182.238640462,112935.63326754,0.401645686489986,1989,31,12754457261.5402,0.336
5,42418.56986638,84989.3432376,138459.34397785,87639.7447319736,30072.772706778,0.343140806705323,1989,31,904371658.273534,0.089
6,2674084.67193992,4153785.4963509,6245322.45391843,4261119.18041624,1123266.28222836,0.263608276292951,1989,31,1261727140791.11,3.995
7,46907.71539277,136718.7115081,279550.856736895,148214.583988218,72459.1254513108,0.488879862571895,1989,31,5250324861.1688,0.106
8,0,14062.49610615,42298.75212065,16799.7042255908,13081.6278647091,0.778682034459989,1989,31,171128987.590734,0.012
9,0,5345.74839945,17366.32121666,6012.9132263066,6506.07659490891,1.08201737660951,1989,31,42329032.6588215,0.008
10,10952.51825742,63545.89946345,150588.92155068,70027.5469097158,42299.4267403065,0.604039818713653,1989,31,1789241502.55856,0.059
11,0,0,0,0,0,NA,1989,31,0,NA
12,0,3412.7028319,13425.14042231,4130.6363028062,4728.71331009747,1.14479052703937,1989,31,22360729.569093,NA
13,16832.826624855,49939.1363088,109522.96199904,54894.2131959712,29211.6174964827,0.532143841686879,1989,31,853318596.760813,NA
14,0,0,0,0,0,NA,1989,31,0,NA
15,0,3202.64225575,13976.367662525,4316.329678489,5109.37990506845,1.18373254261177,1989,31,26105763.0143173,NA
16,0,4004.11246565,19845.633755445,5819.3139405478,7929.84285637994,1.3626765865176,1989,31,62882407.72688,NA
3,98693.95218134,201723.735574,326482.56752634,209212.7121571,97989.1418960622,0.468370879024221,1988,32,9601871929.52661,0.375
4,141769.6144041,185019.4491898,274724.96973662,198753.58478248,61278.8848248722,0.308315872098292,1988,32,3755101725.37995,0.299
5,5620010.6065508,7985696.224478,10279107.533988,8068426.68447596,2012102.8885314,0.249379831684259,1988,32,4048558034036.41,8.066
6,72354.78270264,93290.0360129,176556.2683048,117068.20699652,48793.4532292738,0.416795084516193,1988,32,2380801078.03733,0.086
7,2241.83971948,20189.2654862,31619.01987458,18176.02228744,12942.6110508775,0.712070597526782,1988,32,167511180.814297,0.033
8,0,0,0,0,0,NA,1988,32,0,0.011
9,21378.4601388,29901.4246765,53494.7964789,35065.55696348,14233.4029456414,0.405908366448169,1988,32,202589759.412993,0.038
10,0,15343.8417696,24978.17417696,12390.78623084,11932.9144805818,0.963047401373238,1988,32,142394448.000878,0.022
11,8073.28265708,16664.3873024,86828.99401688,34947.107753,37691.0177534841,1.07851608264345,1988,32,1420612819.29345,0.041
1,0,90871.2115284,189213.806722485,80652.8096680754,69505.3536665423,0.861784653908399,2019,NA,4830994188.31113,NA
2,0,1718.06018395,4955.870795975,1888.2111729204,1715.50741096387,0.908535780089987,2019,NA,2942965.67707196,NA
3,119832.031959215,353432.63963395,745806.987487365,377133.992565418,188278.918488589,0.499236139409868,2019,NA,35448951147.2327,0.36
4,216670.25960476,304058.54676515,415239.89343324,309335.087432803,61298.3571482313,0.198161668813426,2019,NA,3757488589.07212,0.304
5,701056.724594815,917483.75151325,1207019.6021567,932301.347222558,149938.200917148,0.16082589751032,2019,NA,22481464094.271,0.939
6,2594736.53613488,3746435.65823775,5010105.41813964,3752698.59014767,761670.192248043,0.202965992059083,2019,NA,580141481759.171,3.655
7,506067.71996685,730230.8213349,1051125.89864594,749858.274858503,169452.341552797,0.225979157974582,2019,NA,28714096057.7258,0.799
8,716154.037336495,883769.3354386,1071487.94922173,883174.737838069,106855.559148293,0.120990280371771,2019,NA,11418110520.8943,0.896
9,479715.349590155,646938.93323965,884891.664269935,660947.166712348,124966.320091063,0.189071572411248,2019,NA,15616581157.102,0.644
10,846586.476944645,1048682.4198036,1313337.02203743,1060840.95796824,143094.236573205,0.134887548881281,2019,NA,20475960540.4684,1.034
11,549046.979116115,732482.39351005,985837.01940059,747561.900250759,133895.1771143,0.179109150786559,2019,NA,17927918454.4698,0.74
12,290429.342068835,406018.7242358,570634.75012758,416226.694857802,88097.9952486638,0.211658685848492,2019,NA,7761256766.83359,NA
13,1385484.0839402,1790078.1549993,2425629.07073394,1836632.5401164,324060.040112855,0.176442501716929,2019,NA,105014909597.945,NA
14,104908.57305566,178573.49783965,276102.13773292,182800.858983018,53106.4666161705,0.29051541065846,2019,NA,2820296796.45443,NA
15,1428842.01048107,1811575.5982948,2298615.31756368,1838450.00804438,266107.90402117,0.144745792845484,2019,NA,70813416582.5402,NA
16,7210.169663715,48288.75217505,91190.99941515,48728.7331286172,24810.5380973093,0.509156230920739,2019,NA,615562800.678036,NA
17,174350.795562595,273270.37621775,415291.438553435,281878.136219687,72863.5589263304,0.258493120124587,2019,NA,5309098219.41082,NA
18,0,4412.95369125,18929.17376565,5801.5279344498,6417.23325926535,1.10612813241137,2019,NA,41180882.7038214,NA
19,0,8370.6654789,18827.28902907,8395.0927280406,6347.1687664443,0.756057017124302,2019,NA,40286551.3497261,NA
